70.7601402279 0.757386352546
71.3937101183 0.757562561202
72.1563478935 0.762225120326
72.7344847399 0.75704615722
73.6262554198 0.790666575944
74.3108616132 0.67855637747
75.2581331959 0.712050759582
75.7932944518 0.691569470724
76.6462040983 0.681446013879
77.4629881409 0.667997619482
78.0569849092 0.684354468544
78.7706622427 0.607719233827
79.5425758784 0.634778454928
80.4024595366 0.695843923932
81.2304560835 0.745895577903
82.1875049076 0.751362745792
82.8965085484 0.626984025734
83.6589564956 0.685275823646
84.3899947781 0.638580636591
85.2806973611 0.65265007909
86.1965037993 0.666224067744
86.926462669 0.647820272006
87.6931123578 0.541362039804
88.501936513 0.569329315642
89.2826277769 0.516704446945
90.0898353369 0.613314053231
90.9752811866 0.55527005144
91.8153642038 0.529090728353
92.4069902878 0.566843543303
93.3913030185 0.458149182268
94.3102631101 0.548603869545
95.1876015574 0.535262877137
96.1208526773 0.580960366887
96.8476651136 0.558339976038
97.7105791038 0.46587796034
98.5391620269 0.5715928654
99.4881093133 0.554659665061
100.530682656 0.561942374096
101.026305894 0.53483193539
102.055587072 0.48793962016
103.060012397 0.47875659114
103.734527462 0.481536697108
104.740247713 0.564380747464
105.478167583 0.511844606341
106.522194074 0.623919561525
107.41527327 0.509498161658
108.420175559 0.527854545198
109.130155046 0.447909151378
110.06313897 0.450682734125
111.011816113 0.445390973465
111.78329488 0.501480846456
112.745424798 0.454490028664
113.457548423 0.45579309909
114.375345408 0.474360186402
115.378577254 0.466465337224
116.394071039 0.487994409847
117.274231275 0.456714026123
118.125661703 0.428899030063
118.896321513 0.353708717094
119.885949666 0.40201684216
120.898126245 0.403957837344
121.483698824 0.466822869511
122.487529859 0.510467172822
123.607555668 0.370317243221
124.392683071 0.43962049518
125.589497384 0.395594946785
126.33598339 0.415859274626
127.123871547 0.348589981414
128.166705596 0.373036585228
129.274354581 0.363956778481
130.004714257 0.412699300737
130.939531656 0.451269600198
131.858683585 0.365456478629
132.770290011 0.2974106707
133.809658239 0.372391902993
134.648726046 0.397149928086
135.632958053 0.500348626877
136.540155539 0.276201951077
137.402781367 0.289329071183
138.324059923 0.414548258541
139.417181206 0.301751502459
140.308326909 0.329370102734
141.043812768 0.359328879822
142.103775019 0.292674124133
143.09461624 0.336267465558
144.126833571 0.359278003338
144.837109481 0.379083750449
145.77457102 0.424422975315
146.867377989 0.352717127418
147.67607371 0.355257794825
148.61317409 0.397577624281
149.561335992 0.360483827193
150.63209795 0.348722630553
151.57330271 0.336558010252
152.445515014 0.365463644814
153.443280026 0.293514846304
154.435192399 0.453411577989
155.300785147 0.410280302031
156.147651872 0.423429078103
157.150572998 0.28633069724
157.886031258 0.270001347269
159.137763799 0.316318078316
160.03254494 0.382882951823
160.951715898 0.248524206198
161.753680371 0.307440551255
162.794264532 0.378084365553
163.981299031 0.294009527383
164.693880777 0.364476557419
165.887441191 0.265220701049
166.788814361 0.27102189756
167.803974211 0.367467702447
168.793184461 0.299261613
169.844128498 0.493882102612
170.668916611 0.25958711658
171.605360532 0.328683145496
172.855437221 0.225003991776
173.68323319 0.333770769259
174.594568533 0.353238741729
175.62375598 0.278047161652
176.681162857 0.314767769339
177.715838102 0.376135877359
178.511059902 0.337850307793
179.665498278 0.267873077874
180.657266615 0.182762470952
181.805116472 0.340126452956
182.680119604 0.288161308167
183.59469398 0.29027931997
184.654538101 0.322128890061
185.668729613 0.314343611657
186.656173935 0.229638870104
187.492015595 0.301652899736
188.649560805 0.282931623276
189.633232011 0.312136840111
190.551437971 0.372173150867
191.560329165 0.356700814123
192.369885993 0.309067296868
193.719392044 0.344665366739
194.537735633 0.369766403668
195.594600079 0.272965848735
196.57077656 0.271436769144
197.65964045 0.251499419079
198.669526786 0.246360222733
199.613630997 0.40789612017
200.494070204 0.296330405886
201.427900713 0.20818337784
202.411675518 0.246724848807
203.626867879 0.308113103668
204.53299843 0.343665788841
205.474715374 0.303593305339
206.497212113 0.232944639546
207.653911613 0.223420189296
208.68460275 0.292490885755
209.658303468 0.313430923294
210.653125136 0.318948786209
211.497118751 0.341544765333
212.463213434 0.293801620204
213.398081137 0.283416036213
214.252863392 0.287386236012
215.336619152 0.324600059922
216.40167772 0.411322373749
217.312207407 0.226298266984
218.328481363 0.271936320668
219.254330731 0.273057757056
220.252649728 0.395857445771
221.178691361 0.302627503982
222.373635814 0.333743021851
223.420896757 0.231786730284
224.184085375 0.322142933175
225.198617404 0.306945455418
226.226421127 0.374933860897
227.401545205 0.391054926588
228.511727908 0.311887423181
229.327683066 0.225484090537
230.164686175 0.27166167091
231.308013424 0.269639163764
232.268037377 0.386232242417
233.111159143 0.260176314956
234.215662301 0.329974959169
235.218457586 0.227802391399
236.079216914 0.323094465543
237.413104201 0.333193378906
238.309649433 0.303409063317
239.31050226 0.319513485874
240.24163712 0.309272931541
241.252773333 0.293800352258
242.100768124 0.428789630493
243.241921414 0.330209863253
244.236480619 0.380438255509
245.200730134 0.350960806728
246.510114931 0.292903749362
247.315990804 0.344598866583
248.292103036 0.265721697318
249.193829409 0.269653550103
250.121292871 0.274671914154
251.224878829 0.335985751236
252.194806574 0.275320152966
253.27088566 0.289726076381
254.114895859 0.287708984174
254.993670431 0.354674814127
256.078814547 0.292399352098
257.18174328 0.286889036505
258.041908835 0.27759581024
259.281387353 0.317822447981
259.984872105 0.318812936983
261.049651186 0.327137933434
262.103277488 0.273481223222
263.077299838 0.367641328047
264.049081274 0.368437503788
265.108001015 0.326728331605
265.925094199 0.31541132651
266.988554731 0.255533687187
267.9410711 0.379386687118
269.007419233 0.303553245559
270.06133094 0.33625009144
270.692175613 0.226037186281
271.912322007 0.286561739517
272.661526002 0.289207449604
273.897895897 0.222432059931
274.594621264 0.234446658739
275.647027562 0.339397756966
276.603907587 0.400560168641
277.554915548 0.313488029666
278.273893876 0.189528063198
279.706594008 0.330854443849
280.331288932 0.31109737954
281.371717588 0.322206194707
282.524218024 0.335137995664
283.260613814 0.304761217574
284.32653725 0.26953424763
285.126411834 0.206185979938
286.176057785 0.33868791396
287.154667482 0.300275535795
288.035535034 0.281887560062
289.095389016 0.24819817546
290.010795499 0.303059140901
290.974690136 0.299489113475
291.89136191 0.195064582167
292.979979029 0.213841919068
293.824249817 0.308353175855
294.559608914 0.274508879865
295.924664989 0.215223868837
296.804153748 0.24379687676
297.773044182 0.290136752053
298.634750966 0.293378813245
299.719916295 0.250559212425
300.657001951 0.23996464265
301.66293495 0.265499720397
302.472715732 0.301639116542
303.517990776 0.280074232773
304.467210491 0.304231693396
305.431761169 0.243668020294
306.375523317 0.321738488191
307.341152231 0.296899836022
308.264274621 0.290928410688
309.292110564 0.274926969785
310.334050364 0.281645411601
311.202186648 0.281071242297
312.418620246 0.319560945619
313.278725451 0.281534448118
313.985547186 0.223918764438
315.204880585 0.227220341881
316.01102214 0.218746490483
317.142606122 0.288274601899
318.084814823 0.283468456304
318.858000124 0.240730635363
320.099800282 0.271981214579
320.873551009 0.319330362055
321.726592946 0.194988112755
322.972934048 0.263107762665
323.73927428 0.296348267768
324.781315233 0.223022313832
325.825801593 0.328350405097
326.743135833 0.282856078556
327.71445745 0.220769956064
328.665178067 0.254967157973
329.637879814 0.254971825561
330.456624262 0.257152282949
331.523552451 0.301678915071
332.660727959 0.184960899907
333.458730288 0.214252554785
334.468075664 0.172650487792
335.329058811 0.358186187669
336.4319362 0.283441922013
337.366754022 0.199541037789
338.534431224 0.234419574637
339.404916466 0.267811423972
340.216396224 0.183084771011
341.384817364 0.294251421873
342.264584992 0.218599727231
343.281582472 0.222784990604
344.144960616 0.312912336983
344.974867504 0.230634896398
346.077259895 0.256819436174
346.955978204 0.262049803691
348.099241725 0.283190782271
348.935654892 0.213548325552
349.999590662 0.167361199967
350.932252907 0.206971963063
352.056562228 0.253530144513
353.007732053 0.310709471851
353.883337914 0.249243035064
354.897180353 0.190132258816
355.712337083 0.283175425133
356.86929117 0.17491102329
357.805194476 0.298854202464
358.624319878 0.176483818502
359.63580314 0.285624731863
360.59548558 0.183849675082
361.730905749 0.255352687367
362.739120539 0.192106950523
363.418917255 0.115221270364
364.532471466 0.188599672938
365.625426348 0.215218955017
366.442792835 0.168625474057
367.536606375 0.193431196217
368.337858257 0.188782141517
369.380298658 0.145380424881
370.469678303 0.250970972432
371.214263565 0.262229424309
372.200185379 0.236712861509
373.001183067 0.152954654701
374.165605487 0.351826649223
375.037597456 0.171792953579
375.915746698 0.217965954234
376.933247672 0.235845813721
377.908374733 0.205102112859
378.742814747 0.191310436646
379.689210483 0.0972248025675
380.754678447 0.276608792064
381.679078951 0.220811102208
382.337253165 0.276337822961
383.535245482 0.185905380508
384.380621385 0.22287675018
385.381672454 0.231770502893
386.160803478 0.212786439886
387.273286006 0.225058462973
388.139077707 0.298091647226
388.830107646 0.307682543998
389.937982582 0.101407471962
390.802640103 0.241966674572
391.744169554 0.173846783513
392.652367074 0.105487757081
393.572400336 0.218111876056
394.432677343 0.198539347814
395.373302463 0.240908869972
396.254904865 0.16584811198
397.168973959 0.171717545428
398.009185427 0.258277192727
399.02544778 0.251171997533
399.894314006 0.302876506585
400.708599861 0.182055367402
401.812115504 0.183577493775
402.599700092 0.241174186225
403.491109943 0.199697039603
404.524958572 0.103199678648
405.33262286 0.143813438188
406.212536931 0.170768575063
407.123099759 0.124215204505
407.790877586 0.259513003416
408.918966268 0.215284270588
409.758123082 0.201969195532
410.936939598 0.131673487283
411.613218346 0.214972856965
412.304746277 0.211436785897
413.424986292 0.143793312516
413.992919476 0.161259909743
414.987604885 0.151417636844
416.008747854 0.176409797611
416.821515091 0.11949413673
417.716240942 0.200037874227
418.358554919 0.17191831052
419.312572196 0.226853425059
420.15674732 0.139015066985
421.029137348 0.0941277362035
421.714970835 0.157981575314
422.778168658 0.194577332632
423.548567052 0.160332023143
424.525298754 0.159315141308
425.226511329 0.209210738493
426.366691306 0.188676737382
426.967471838 0.124271216923
427.983247213 0.0466947905384
428.645101855 0.125047554282
429.602248455 0.175094877811
430.165983348 0.159258183907
431.216561209 0.190574113189
431.97444697 0.141189046201
432.716490762 0.138091009782
433.529821849 0.127907097926
434.529388234 0.115610084788
435.157227156 0.131280625515
436.061979182 0.10159613939
437.092811746 0.120393115989
437.714655931 0.167668783418
438.640003632 0.272711444102
439.26135824 0.0852326904645
440.210115059 0.108666761166
440.868777597 0.0957800439157
441.733232957 0.183012411403
442.629563841 0.183310334505
443.262232248 0.0382395464874
444.039622481 0.00549613503379
444.991113762 0.056475342517
445.860374947 0.105793130591
446.434605121 0.112779546032
447.36064061 0.124882618346
448.256244579 0.084513019313
448.828507551 0.151531071982
449.612969541 0.0579765716763
450.778917424 0.254853901121
451.504638176 0.175095008228
452.247599162 0.17261338132
453.229089702 0.157044413003
453.980048803 0.0262573834893
454.799385476 0.0212502546396
455.70043387 0.106859672499
456.618280311 0.0959021314605
457.534289882 0.113562389029
458.349170994 0.0882685206125
459.143512171 0.0694827256677
460.045444179 0.226028606363
460.925009218 0.127726256179
461.843600109 0.121680682269
462.653737125 0.0467073805833
463.432277979 0.0116590270629
464.415543947 0.147809645539
465.300768443 0.0406816651227
466.131542649 0.00386650562044
467.128423566 0.133381079846
468.141237991 0.103599983576
469.142598435 0.116949400038
469.746284405 0.120223700921
470.667151941 0.120392601535
471.686148402 0.153410755415
472.501145227 0.19806519676
473.533150695 0.16213282422
474.121989347 0.0756301267203
475.229882026 0.103264166813
476.495293755 0.102070145347
477.06107394 -0.0581093235559
478.178283296 0.0636148862089
478.950552656 0.0575862100891
479.938051727 0.00572449129297
480.788549051 0.0452856378007
481.869500117 0.0633279450654
482.7702097 0.127205482703
483.691263554 0.125529167243
484.487563319 0.0522614040976
485.486737708 0.0337518715192
486.532466861 -0.0216278950918
487.464630867 0.00684957770397
488.417197513 0.162373931317
489.231592196 0.194266379394
490.159316618 0.0760845761119
491.243325441 -0.0637423175435
492.271909781 0.0901187720828
493.152864283 0.0821990684272
493.996558038 0.049715434296
495.002295575 0.0911564628492
495.968619655 0.0941544918055
497.029919195 0.104323239125
497.846930052 0.109942580768
498.877775397 0.0421599004443
499.841600303 0.0493438643213
500.867475261 0.0789278202865
501.719153467 0.0169267513069
502.848628617 0.0436464293894
503.802214901 0.133740919279
504.732017237 0.00382788260853
505.711732275 0.0240826148872
506.607357603 0.020131915385
507.730511019 0.0104603870783
508.496803759 0.0671079204258
509.549127024 0.0633633021907
510.701958439 0.0209866994524
511.306999372 -0.0117100653779
512.480285133 0.12414610121
513.713232812 0.151728993927
514.530714157 0.0279887620288
515.535360285 0.113945972695
516.768725376 0.122038641571
517.514924375 0.0105484500529
518.463118037 0.0962683861997
519.556403713 -0.0596488555589
520.594440418 0.104803915279
521.418404901 0.0300480047094
522.362262321 0.0264347430212
523.563688677 0.112630661485
524.447739287 0.108904110582
525.421696062 0.121426960593
526.397312649 0.163345040731
527.279994488 0.049980613505
528.453771672 0.071351755909
529.558472108 0.0837974309808
530.505763403 0.012180276392
531.258788628 -0.0052397584901
532.383960265 0.0651144213191
533.523790677 -0.00673499200983
534.378040587 0.0952470667606
535.41575089 -0.00540186390185
