70.9051898687 0.806760086919
71.6317657782 0.817596952056
72.0071779853 0.72568992478
72.8358160535 0.764968127734
73.697447746 0.721371513714
74.3990999989 0.737074760686
75.1900910518 0.651360541524
75.7611580921 0.823950617944
76.4807004755 0.772533321776
77.2763894972 0.753006553532
78.1854799023 0.819610044593
78.8362908946 0.645659007171
79.6633897921 0.643116223812
80.5076733124 0.716582674354
81.1311771704 0.75033682525
82.056936391 0.741007043612
82.7203841409 0.583540698288
83.7455700536 0.578513253501
84.4453477176 0.723037576786
85.2779136711 0.575643786412
85.976254424 0.543044511296
86.8814388475 0.616296787617
87.6718473001 0.59841229645
88.4438187009 0.583644608948
89.173145452 0.555947188906
90.217624314 0.608964231045
91.1509010653 0.552462624007
91.9325318407 0.663105121353
92.6565370847 0.562846158177
93.6060838891 0.627680917347
94.3238541209 0.557999128376
95.3698735455 0.56779226732
95.961080367 0.572887166793
96.967551191 0.537554348849
97.7805499234 0.48645535126
98.6574422684 0.498080397305
99.5360272631 0.552838648806
100.240568507 0.581083419987
101.080363764 0.511899491001
102.080327221 0.40549100218
103.043502551 0.541255787816
103.834120955 0.485279856389
104.670374959 0.489463859085
105.679495849 0.576979778373
106.545048341 0.516273119331
107.258914756 0.435330872465
108.34184645 0.480191842208
109.025528609 0.468687386691
110.088778616 0.586437326064
110.901234139 0.506969508207
111.914684683 0.427300569008
112.649728967 0.504917668815
113.558347597 0.397365559166
114.393913771 0.525555195178
115.482642247 0.383485783828
116.29186513 0.437804159857
117.234135781 0.304344758071
118.004949519 0.456958037749
118.950086526 0.351933066647
119.937342771 0.444473882528
120.989473491 0.534661270357
121.862907865 0.317375776476
122.499264256 0.474872344464
123.67753116 0.317695596523
124.633425934 0.500671448151
125.347237962 0.454369658727
126.304268806 0.426295055418
127.201276156 0.447610945912
128.256408703 0.459275321511
129.054852785 0.399145632106
129.91248173 0.375960583576
130.956216474 0.437006908308
131.903469334 0.392278305433
132.758542154 0.407836463187
133.597073553 0.388342214273
134.714358592 0.441234718718
135.746839246 0.30310656285
136.533747637 0.312121403549
137.323885596 0.29669710683
138.451946666 0.339741117603
139.289125288 0.336808779561
140.237586349 0.408647094841
141.30072081 0.420737124694
142.069149098 0.34995799303
142.889665555 0.290729464978
143.859016033 0.377315851423
144.890474179 0.34968204818
146.058676376 0.257153663831
146.628684869 0.373444991001
147.77554843 0.337803356966
148.550662333 0.352725646477
149.550066406 0.324623974096
150.708546764 0.378516218189
151.529511357 0.321647138097
152.449093781 0.327583793254
153.415564397 0.329833625098
154.173892854 0.188921834203
155.437007098 0.278301803192
156.192495612 0.385064810579
157.14152909 0.398608705321
158.180810894 0.258483338729
158.998518181 0.338808687728
159.851710735 0.333191486577
161.097555524 0.326032811287
161.821697692 0.365915383072
162.936947288 0.348869173934
163.984095166 0.301272959236
164.851162306 0.339617784787
165.708864524 0.355151480593
166.73606754 0.400516950219
167.782709186 0.324910658398
168.804126134 0.256382927374
169.698407596 0.275786968846
170.647580623 0.359624892314
171.856699715 0.430886570988
172.575159603 0.234701915087
173.635975255 0.36468127572
174.511423359 0.312896281834
175.690171012 0.300454876623
176.32816523 0.25095453053
177.607091055 0.364212849729
178.550434481 0.246578071513
179.54441365 0.313096958144
180.712027012 0.249636708221
181.66337701 0.272116721558
182.703636345 0.323223948725
183.617355045 0.26969844898
184.641171011 0.355119048683
185.583171144 0.223790199273
186.575480309 0.237541846185
187.445546651 0.232834205432
188.495414674 0.308190362225
189.393642669 0.371045914865
190.624697458 0.294490632875
191.569803457 0.336580488123
192.633306069 0.341086483955
193.724095608 0.242859708495
194.762887023 0.276463791043
195.368810526 0.287663677052
196.606027178 0.277582467469
197.643035621 0.239580534503
198.515609033 0.268384564429
199.636690928 0.243340587286
200.564639198 0.274182876442
201.508125224 0.280566764538
202.74053298 0.237103974863
203.555726475 0.328325682378
204.556988946 0.279809193591
205.471716377 0.271272470018
206.53367433 0.289136141121
207.412005481 0.226173317182
208.663488303 0.27602254804
209.534111076 0.262581926038
210.422535763 0.310918482346
211.571914535 0.310357746332
212.53048259 0.169826259084
213.480605555 0.242031929633
214.338992381 0.260396381576
215.225486803 0.323832160358
216.326287417 0.226934652062
217.492218518 0.216435566348
218.447406658 0.404143360962
219.355239596 0.288448839141
220.225704046 0.384075873667
221.331622326 0.347482876826
222.501204394 0.267626198741
223.283322663 0.311634530612
224.299035605 0.258951175291
225.056956688 0.380951831407
226.455639209 0.286162150864
227.158585216 0.37122033159
228.212284568 0.299853745532
229.165837331 0.331453615549
230.179745254 0.243301863564
231.267938366 0.26582909902
232.192749655 0.35517090558
232.98738734 0.398340307319
234.235462392 0.277689476164
235.051871698 0.38244149838
236.261784647 0.385194432654
237.092378183 0.290895634268
238.233626067 0.309342803281
239.139154636 0.334690761588
240.12361116 0.379255610248
241.027521344 0.258146067543
241.955419897 0.341969356662
243.115840881 0.358524872217
244.169400666 0.344445416517
245.18924227 0.264717539559
246.14610406 0.182340198707
247.227603224 0.304337179995
248.271977293 0.257086943751
249.213386067 0.28850341857
250.103553253 0.27500978992
251.240512468 0.354743865142
252.271844719 0.342477547359
253.127056492 0.340893997436
254.243392849 0.346156652262
255.220287294 0.262018251777
256.1765978 0.269258736459
257.222540847 0.28846527952
257.972078161 0.260127105863
259.333650454 0.323621248824
260.003323005 0.273867431474
261.00023885 0.30063599223
261.824433099 0.244727184285
263.008678546 0.315436125829
264.113942786 0.266772010812
265.121851457 0.414420651773
265.994135264 0.310840045243
266.957288092 0.291574710365
267.979838041 0.32967313175
268.913648082 0.382087442512
270.060667415 0.281245259808
270.699000495 0.334846541214
271.900216002 0.306099845388
272.80186659 0.269809390327
273.734814591 0.298765701001
274.774787723 0.328065576443
275.611485189 0.296800621695
276.690081181 0.319529226606
277.476666232 0.163054584921
278.578020051 0.316428792404
279.524047859 0.362219792272
280.365145644 0.258462928092
281.671153501 0.239599742989
282.469066857 0.374555515084
283.479837538 0.332527576947
284.29984271 0.294746388665
285.414325659 0.222544032887
286.093542928 0.324961279587
287.193574003 0.213723051169
288.067491248 0.256943309591
289.161144719 0.275909807936
290.073564953 0.213265677132
291.045157896 0.367384957879
291.952566778 0.253321730651
293.122774267 0.183583378529
293.819745083 0.290121556511
294.74462435 0.389568974509
295.784491834 0.268073701259
296.518646217 0.165670366312
297.931281155 0.336176022016
298.810677313 0.274018490719
299.784062188 0.305469132635
300.677186371 0.288281407658
301.65062055 0.249353899313
302.705747454 0.290266501437
303.556822223 0.278715354353
304.357621026 0.182746513998
305.442820419 0.287731296745
306.203600394 0.319295161646
307.386968284 0.280683715483
308.357123297 0.33872832034
309.260462333 0.179947064408
310.329144185 0.301190264352
311.340665408 0.328939951903
312.234397552 0.275287732217
313.319622872 0.174577234279
314.230814208 0.264680085662
315.292242615 0.295296000773
316.104108221 0.349955940235
316.951580148 0.286817820912
318.144384785 0.174676276103
319.059452782 0.173842647145
319.889037859 0.183616113782
320.991231265 0.305717494558
321.986394334 0.315251853209
322.83709027 0.276416708259
323.788504992 0.191506141827
324.845099065 0.252293182819
325.819831138 0.289387222149
326.722313795 0.25315341296
327.73177692 0.233612354376
328.498890593 0.270472387465
329.550622202 0.188795510404
330.692760571 0.271138100878
331.586641154 0.312676715926
332.592926628 0.241461828268
333.541644751 0.294915806962
334.396808624 0.236504922831
335.364404812 0.173027781103
336.543383945 0.268908544534
337.361610003 0.211450116464
338.469451048 0.279330935727
339.2661153 0.203463835281
340.246291445 0.322703079285
341.488589479 0.24685624783
342.214219923 0.2564348129
342.942859893 0.187266358534
344.175363461 0.296197022298
345.148006279 0.184968623557
346.414843982 0.250320515791
347.051612209 0.274859652968
348.096045393 0.231347533191
348.853162174 0.238355199184
349.92702879 0.157987587581
350.952217711 0.1355044713
352.006548975 0.268112964873
352.896811776 0.275384408637
353.898121427 0.199200168831
354.849784625 0.213505433518
355.838527116 0.188008050839
356.715317731 0.113971365445
357.729039337 0.221601204842
358.762516352 0.177596617361
359.695962858 0.184965319087
360.648481693 0.207864072173
361.622897682 0.215941577787
362.703181736 0.350922129723
363.447960681 0.200956531483
364.484054289 0.234877011009
365.46609442 0.189181775356
366.425231112 0.129352863481
367.348141634 0.197836060184
368.266458167 0.160273562358
369.38096865 0.169374806427
370.292607043 0.202180740767
371.174027279 0.151424415161
372.220011483 0.158221144086
373.239679515 0.22834042141
374.124939748 0.229422401408
375.138615908 0.209527466751
375.999241508 0.220762685036
376.827941177 0.250082950542
377.94275787 0.198619333713
378.662289258 0.168160428011
379.596806945 0.219548641217
380.751846205 0.258970333223
381.635313989 0.158858310086
382.558458889 0.294523431523
383.455054735 0.246405374929
384.585073995 0.198799406845
385.275434336 0.152277106524
386.290908564 0.118873308643
387.371214952 0.287022959394
387.868720045 0.128664485568
388.88271358 0.15230351196
390.042200519 0.115267066139
390.831665255 0.142967397152
391.705082617 0.168524173544
392.589144472 0.225945839299
393.569400862 0.201006137523
394.436854371 0.154614434771
395.415096717 0.207834216061
396.29542114 0.121022312335
397.398410552 0.303158438972
398.26320894 0.140891611222
399.059261431 0.179736846226
399.872895705 0.167933030546
400.804136349 0.233874798449
401.80095607 0.162638621201
402.696964949 0.1413440294
403.653188156 0.0919865379287
404.391091616 0.180969816281
405.422966318 0.168188874327
406.200226844 0.158223580749
407.026293 0.187647238959
407.953384047 0.175222608098
408.921422945 0.125724058649
409.776812658 0.21043404636
410.676956778 0.180385687025
411.604236984 0.246951586526
412.490679491 0.134227100158
413.305670324 0.188418993094
414.152410509 0.169984994635
415.226712651 0.200503870068
415.844980177 0.155178360608
416.701930979 0.162451676873
417.697699881 0.19237402084
418.513473792 0.231403424924
419.438914337 0.0973879161745
420.267069546 0.15290234689
421.128496184 0.238684688478
421.843048211 0.199849947711
422.740864536 0.164942737499
423.582568607 0.184982376506
424.440145724 0.239276712426
425.245991954 0.0616642278591
426.305867281 0.0971214416981
426.929341081 0.160689218718
427.884283984 0.167649229291
428.549693345 0.179089920952
429.504167 0.0726893190282
430.36856847 0.189031249542
431.056654564 0.154375985896
431.948353843 0.140855101465
432.896154027 0.110541211464
433.670552585 0.132662888305
434.367332187 0.0863899613644
435.3882071 0.164247342169
436.112517245 0.164528294439
436.761000459 0.0998365413974
437.551530962 0.16330836356
438.56469398 0.168705224084
439.493853993 0.159782970233
440.128628642 0.231697838991
440.840040623 0.0902506889611
441.750642579 0.0849805505305
442.649592613 0.150545513626
443.194238107 0.214452707251
444.130411991 0.128872955804
444.938332759 0.0387988621201
445.665096765 0.190156300074
446.417976557 0.232404088362
447.224354968 0.192357116524
448.214925462 0.0996197786235
448.963771854 0.102414499245
449.843933957 0.103526670059
450.708928254 0.0995999674011
451.604960884 0.0639067431946
452.284672906 0.0370020214884
453.327685763 0.113926417778
454.251875505 0.0899627090419
454.858938182 0.122268580891
455.698802562 0.238994118357
456.68445897 0.050835964631
457.464288793 0.0821403306925
458.401774205 0.137868737302
459.194401646 0.137489230887
460.121939882 0.11312440166
460.972483026 0.0735154222555
461.942593252 0.114372551163
462.753284423 0.139483989939
463.507340108 0.101167423843
464.430299349 0.118483228794
465.188436208 0.161257413698
466.159068447 0.183391469457
467.133768844 0.0725765584642
468.222960677 0.0355385960708
469.053923934 0.0506154570387
469.92183588 0.206647295066
470.771646701 0.0242066337545
471.546993295 0.0377407844259
472.572022967 0.0776235925993
473.508838949 0.0553751164821
474.233027376 0.0811671552059
475.281958894 0.146207401665
476.198023557 0.123570938384
477.121729982 0.132506035877
478.058790393 0.0144968090878
478.892227503 0.219862302094
480.090739691 0.0963598520221
480.870688124 0.0819599221054
481.687832631 0.0183296405665
482.875620252 0.0863926568837
483.680763441 0.0216191109279
484.698648285 0.0830343439473
485.61217763 0.0822907517018
486.399909821 0.102237853847
487.230247255 0.153120830586
488.37176714 0.0503455207614
489.191798767 0.0673302386617
490.290618848 0.0336159544442
491.325683345 0.110937266135
492.212878589 -0.0140362829529
492.95862636 0.0629156956056
493.97145608 0.0307645881572
495.073233361 0.0932396826609
495.995227848 0.166982343546
497.000827777 0.0764436464025
497.930530085 0.0483285051122
499.032038042 0.0079336454677
499.919713489 0.123799928128
500.727550607 0.0569183025313
501.817510593 -0.00407411854812
502.764967618 0.0530637181809
503.806873621 -0.0200060157699
504.70762904 0.0675042137071
505.825746082 -0.0264658878015
506.622224534 0.0457653442458
507.81679421 0.0859414626538
508.807168317 0.0678287365518
509.593178391 0.143455276276
510.623509626 0.0513150507257
511.854643908 0.0892130006494
512.487446407 0.0656785152441
513.392496218 0.0245696368925
514.624949684 0.101492553217
515.495556141 0.0974320945945
516.302786033 0.0765249638737
517.258023846 -0.0403703274924
518.673424116 0.118688687052
519.647903453 0.0365160570182
520.506638808 0.146414700743
521.195448235 0.0619635227187
522.404919604 0.0886585572213
523.422522047 0.0593134819709
524.382217429 0.168696484145
525.478771958 0.0642073173455
526.545548669 -0.00170948572558
527.328861287 0.0264853727246
528.167665618 0.0642738415358
529.560848906 0.152133728116
530.440919393 0.100983228808
531.380026419 0.11057588833
532.35389028 0.023859478132
533.346006511 0.103410991853
534.348642196 0.0480517635844
535.397920514 0.0723315824472
