70.7357868071 0.832835931238
71.4424908047 0.69602276374
72.2523554364 0.711985805555
72.7939588336 0.805547026666
73.5643075498 0.880757988252
74.3280660455 0.72047573938
74.9871690079 0.664528845499
75.8899892111 0.831656392457
76.7380867841 0.656622082438
77.435899751 0.663361290155
77.9752213362 0.645418075088
78.8944706898 0.731894263336
79.5436049423 0.721412226089
80.3826520978 0.662345743334
81.2671311239 0.682588361769
82.1779723341 0.678646057239
82.877146452 0.648755392757
83.5167346143 0.557760129229
84.5618199259 0.528691265041
85.3235705384 0.607443123333
85.8101379222 0.661088455737
86.9737634479 0.642107491635
87.6610645308 0.674315053363
88.5337646014 0.575407827078
89.3881657209 0.574852295799
90.0972474273 0.605202370489
90.9108937296 0.615308851631
91.9188275184 0.575338221372
92.589061269 0.624076044481
93.3261641684 0.631273276514
94.3034213016 0.450882028971
95.1396213518 0.561110756513
96.2195006627 0.565662569341
96.8341460693 0.572442691374
97.7635511165 0.567441658779
98.7206723025 0.56871221622
99.5107789138 0.49363289552
100.257068489 0.426774521827
101.222378481 0.513928978661
101.977176845 0.521120787727
102.975714329 0.45333339096
103.786728248 0.50888979245
104.778124103 0.602134839776
105.613701897 0.493199211221
106.529035532 0.555941638769
107.39854752 0.435071004757
108.203032181 0.385269694634
109.10144144 0.497469102795
110.031431636 0.385432853778
110.714964089 0.458084381382
111.730973736 0.487563095302
112.864761547 0.442939582005
113.632535443 0.436517954579
114.389342908 0.347736281477
115.364574207 0.396347225244
116.333779235 0.475714133495
117.182906207 0.4591209507
118.277620425 0.503150612638
119.037587404 0.437654597776
120.080842764 0.415105317623
120.832389951 0.360581717646
121.739729097 0.501658814225
122.661036871 0.397696031728
123.639337748 0.316954517872
124.434953349 0.429237420147
125.273025876 0.445438659449
126.386181211 0.424566506128
127.0523989 0.369542532151
128.157201285 0.381240846918
129.145084793 0.362468646156
129.88040595 0.374489779701
130.84541833 0.374905409869
131.888148563 0.309073045248
132.780079917 0.296056080471
133.554692468 0.395186398828
134.517235659 0.359885081338
135.823137883 0.385528317823
136.611659488 0.329279469529
137.507512651 0.369677685635
138.299322577 0.277765533419
139.284780792 0.334300294596
140.209596797 0.366208652116
140.912625597 0.305616736019
141.880618669 0.420645527166
143.114834696 0.311156168371
144.037931023 0.37916384417
144.898112304 0.391812373103
145.8610036 0.355478321978
146.881880932 0.333289113622
147.757688505 0.289325772327
148.602671452 0.385308039264
149.447825634 0.302825549076
150.700387905 0.328454917995
151.633697484 0.35938233559
152.411876917 0.29652960076
153.487113482 0.43424347254
154.287195244 0.36138587826
155.435012236 0.364580500352
156.040491004 0.266211148618
157.10408808 0.303370104419
158.240022279 0.384677678519
159.089290827 0.342954167787
160.238142545 0.305085149517
160.855864784 0.298041976696
161.854614655 0.352382387582
163.096671197 0.335644368152
164.062395452 0.368390115077
164.668697722 0.314217890309
165.845723754 0.297244157734
166.778078337 0.320772710263
167.693115981 0.269278079863
168.819474097 0.21402268547
169.873604231 0.305589837853
170.525832984 0.352632721495
171.752508145 0.263314401059
172.650473435 0.301117889173
173.592313645 0.314596712603
174.596867995 0.298227708608
175.641098268 0.35829676892
176.771362077 0.331806517635
177.519841045 0.21904733284
178.467151647 0.196183690947
179.6868927 0.309837595712
180.861071701 0.233637654753
181.643502293 0.211256672759
182.74024621 0.34315232829
183.735537092 0.319752614389
184.499532497 0.298576398146
185.688869057 0.212050931082
186.796349065 0.312705911612
187.858736649 0.275854913234
188.682441468 0.226361043634
189.471712058 0.267757919319
190.638522125 0.334845557375
191.489853937 0.352340703919
192.56647588 0.228060912553
193.623001723 0.261203318866
194.545215455 0.340359686069
195.738425646 0.277426828919
196.45166956 0.327542258307
197.703730482 0.28066923188
198.514768043 0.257134354741
199.764293327 0.300926712058
200.596196967 0.319012046003
201.597028016 0.317986208133
202.488266893 0.186735754314
203.652394888 0.26809342515
204.604920368 0.260049798573
205.503658088 0.204200998677
206.438409252 0.289974630116
207.530080032 0.178555261845
208.468407038 0.333430547226
209.632671861 0.29934543282
210.575931169 0.307112886433
211.399547029 0.332547388934
212.686199662 0.389283946114
213.575742479 0.201313410311
214.482524811 0.387273524487
215.172204426 0.291461381929
216.428351702 0.300598524645
217.340084163 0.326903489689
218.504752444 0.323151108983
219.357128097 0.31900928694
220.023941962 0.230437334138
221.480204455 0.279220850477
222.392350245 0.363378557523
223.187472884 0.293196306244
224.211604792 0.257264787639
225.360714833 0.374390179882
226.056916326 0.434947845088
227.241405644 0.435485184308
228.139822079 0.303145382661
229.023135322 0.26344665513
230.12418894 0.314390961712
231.124505933 0.420538784768
232.412889366 0.266894980585
233.238320095 0.403216157607
234.207118446 0.361902291176
235.229722377 0.261664979873
236.282540039 0.354497320963
237.075662916 0.294414240311
238.269132809 0.376145522917
239.375102531 0.418737808928
240.255930167 0.378312853632
241.341474122 0.315733810431
242.260538653 0.216422570527
243.195929478 0.260590379045
244.164468956 0.328161526089
245.165708219 0.304512183198
246.399334312 0.337463525468
247.305772648 0.337785053385
248.18192236 0.283839409921
249.004723788 0.389025451109
250.117773801 0.262601868396
251.17583081 0.320658159389
252.244646211 0.238173066299
253.069115278 0.30295609979
254.207668498 0.312000766054
255.096946056 0.343274239511
256.222287724 0.469878112672
257.123488474 0.265888251368
258.259766404 0.352060910876
259.112171831 0.268563701946
260.049392075 0.35191798291
261.182771 0.333041012896
262.102600084 0.380872338537
262.971320231 0.26029814903
264.095168214 0.283295408659
265.104286653 0.329291418326
265.893417238 0.256826083493
266.945666938 0.207558271139
268.103483006 0.289583554794
268.801682223 0.250113308314
270.029349744 0.340914617897
270.741194107 0.277859537299
271.929863901 0.247605289801
272.805268457 0.305147299873
273.632772874 0.311474396947
274.573054178 0.32399280807
275.709628344 0.449565406554
276.632240683 0.326370764869
277.477723856 0.316253574276
278.569779101 0.286422321899
279.611593187 0.275278224098
280.472173261 0.384216638069
281.208700558 0.249439010991
282.296567536 0.209715277164
283.218084075 0.212812433038
284.225107216 0.183369685413
285.174872761 0.202908042089
286.174050847 0.244478569465
287.251538992 0.163432083528
288.131857143 0.27178977325
289.180828398 0.356450681231
290.094856601 0.140447598442
291.121880609 0.27137273023
291.929098195 0.263803027415
293.117222619 0.149138524089
293.868770393 0.326592320802
294.898632307 0.350068974197
295.769801715 0.249623073802
296.792802835 0.269325615438
297.691781588 0.244525141788
298.762345236 0.348589635003
299.767196345 0.240520551547
300.474272985 0.253270917756
301.604633649 0.296688913536
302.583370038 0.320803525122
303.681837863 0.313879116001
304.576708212 0.210507576151
305.684934324 0.340895506218
306.423459834 0.264256307381
307.491084819 0.274527867367
308.398856128 0.329932239986
309.347348355 0.250588619586
310.468539641 0.340740899678
311.09162781 0.284064887523
312.018407367 0.258760541484
313.11029168 0.255214559043
314.225137269 0.202526552195
315.062696928 0.292653254484
316.233194105 0.252010600076
317.115356116 0.211563000234
317.85170176 0.222571266894
319.049819567 0.2189936482
319.889740955 0.211458577192
320.985158565 0.215841471222
321.837788847 0.198667429019
322.85756416 0.230921932967
323.542686208 0.323897242844
324.87342498 0.278565298228
325.5813903 0.200020342378
326.856260153 0.289853611474
327.712317137 0.24945300941
328.443457698 0.244561953681
329.754869624 0.232386600733
330.639419228 0.293213365485
331.696800859 0.279302054683
332.452188431 0.186236115263
333.441930698 0.293651420054
334.684256019 0.284768046161
335.494454223 0.181939423309
336.595565863 0.295773893802
337.24304051 0.24568150386
338.196636532 0.219220161926
339.24109731 0.135910079551
340.301514754 0.288689474109
341.267766419 0.23724252088
342.446323772 0.322383351357
343.171420729 0.311314839201
344.295719919 0.295216013384
345.204689591 0.136767103596
346.095705841 0.203263381602
347.077828451 0.245319015786
348.013953128 0.301113870283
349.047685207 0.229681006413
349.916915811 0.296487956365
351.201299825 0.204444296917
352.00004564 0.241138690063
352.935078928 0.240516310711
353.830435982 0.210453340541
354.992144722 0.19645134333
355.719605762 0.223385337605
356.844782038 0.213819884681
357.606358177 0.162451751181
358.741848945 0.32375853536
359.703845531 0.303869444374
360.888098141 0.202982288649
361.64136294 0.29028183698
362.513691705 0.195110059844
363.313976787 0.207933167376
364.498010401 0.220348574229
365.534354498 0.122164304249
366.379268737 0.198759935842
367.482866857 0.237565579884
368.219420118 0.290107744831
369.35053025 0.223437014754
370.187048152 0.204112355143
371.252386122 0.17558109228
372.157471571 0.122073711619
372.959366299 0.285962746807
374.097406042 0.192604252375
374.927199187 0.236575155132
375.985237183 0.224711226405
376.890557559 0.178322564351
377.956110375 0.206133798584
378.887430719 0.153913679589
379.639413051 0.166042350398
380.916753197 0.296757795434
381.645997997 0.141709409303
382.556591501 0.288791474853
383.465124443 0.148230003968
384.444426867 0.13841094778
385.372724524 0.211857517968
386.198511136 0.292919949502
387.174704158 0.146843047113
388.299919009 0.272770281809
388.983801778 0.159001020019
390.030166249 0.360252686952
390.829625011 0.219638907489
391.753839889 0.196219480089
392.648732669 0.188218941696
393.565296596 0.153153999686
394.500090762 0.154229640629
395.573087499 0.172646538452
396.334048453 0.16212884054
397.305362806 0.234468313008
398.298117969 0.176425104522
399.016853367 0.174102952805
399.923797682 0.121770927536
400.663342356 0.195216517991
401.653255122 0.228036278782
402.64341957 0.178885650661
403.380116397 0.197824660773
404.452944404 0.0378507301054
405.383338666 0.243522483471
406.134281848 0.283550772793
407.079146513 0.187200363532
407.983102143 0.157345244025
408.969807318 0.117857378566
409.684818426 0.123264422314
410.58492035 0.315255850528
411.451683237 0.116795800403
412.298814163 0.134803296479
413.229864143 0.160891499955
414.275191661 0.149098951666
414.967087604 0.228844815964
415.81461259 0.198933150083
416.840130375 0.0912949668298
417.723676736 0.199329990237
418.440342427 0.191537209252
419.36645911 0.173616700911
420.139310151 0.118320803525
421.12853126 0.13858891238
421.853692117 0.190938900488
422.912778727 0.211667724199
423.523780505 0.207683183146
424.504776376 0.249941006725
425.340789536 0.119001869958
426.123088879 0.180656410666
426.958693028 0.221334239811
427.822205953 0.144493059147
428.736980019 0.1427771429
429.549497129 0.0972878695447
430.443685424 0.160661408244
431.145636415 0.18590960718
432.123617564 0.169138738955
432.830099316 0.112705412232
433.577494682 0.0506020907963
434.71564404 0.128738348934
435.321366116 0.18988764478
436.012021556 0.161122069631
436.818474061 0.250385606534
437.703214875 0.197938699448
438.420369619 0.0900215902103
439.168843306 0.102010205155
440.022494802 0.0760146180364
440.768121241 0.0778699641802
441.788935378 0.0229595528651
442.693160172 0.110252532618
443.341028978 0.0404183702967
443.898131956 0.101789328857
444.978975745 0.0923965958871
445.775389908 0.200860925983
446.485234978 -0.0136707575397
447.47365406 0.148134118942
448.247563951 0.113401016527
449.08248546 0.154483795986
449.643698477 0.179707343699
450.617445163 0.0793475914594
451.439473287 0.113912582117
452.5317887 0.0760571586742
453.019479777 0.115295076883
453.870975811 0.134963646724
454.918963413 0.0573323960841
455.820717824 0.169082804557
456.688073968 0.0935307837951
457.418534917 0.227330860113
458.293538424 0.0862549971885
459.201475961 0.163694477638
460.063934289 0.123556419228
461.011821937 0.0799315636473
461.958702419 0.138252956258
462.67934283 0.208140188305
463.634951519 0.111085992328
464.337511201 0.103424262747
465.384133924 0.0414769009677
466.253968145 0.0601677154862
467.355690115 0.106117073296
468.105224723 0.165482861286
468.875814222 0.0456772263935
470.098225338 0.150234888451
470.884803135 0.116284106656
471.691555388 0.0931371912103
472.62084537 0.0371546790787
473.53477004 0.0794227903721
474.495038674 0.0894016222037
475.317380674 0.153273259724
476.220331792 0.0784093367529
477.171855969 0.00529651241115
478.130088101 0.0550831309274
478.937742842 0.230491675547
479.883254474 -0.0492752997493
480.982687461 0.024627406446
481.704523 0.132270649434
482.68260949 0.221690209382
483.910169039 0.0145266995442
484.578476343 0.0223086549599
485.537840136 0.115292027763
486.434388508 0.0681403250964
487.37302535 0.0867991353481
488.311831909 0.0868346660649
489.310857177 0.0817644404038
490.290213018 -0.012796794413
491.045058237 0.142634692248
492.084100787 0.0388094549948
493.162127428 0.129052142853
494.058973337 0.111321247633
495.128260564 0.0705660148207
496.026605189 0.0542015519932
496.952013753 0.141742213443
497.988998126 0.0699602953153
498.999716535 0.0253907025462
499.972958289 0.134007010883
500.825559711 0.0173394758443
501.77909514 -0.0575328934453
502.663691938 0.0347358861263
503.796248993 -0.0505518146045
504.717232543 0.0417642728031
505.733822082 0.0957897974355
506.610261521 0.0504015448486
507.588092931 0.0193953137959
508.704832769 0.0139804690854
509.695929926 0.200623029168
510.601254783 -0.00324939163679
511.505552793 0.0774888097044
512.470232227 0.0614224352417
513.430509595 0.0923580880888
514.769053617 0.047001782178
515.445938592 0.119479131886
516.461757466 0.0671311065924
517.547094736 0.00382697198654
518.514978123 0.0580376849754
519.304525495 0.0804710549215
520.396762444 0.0475367340153
521.459672864 0.0978432001646
522.403093267 0.0880503015798
523.587083642 0.0042658616518
524.301384082 0.0654585254832
525.456944589 0.0876384748296
526.4427941 0.104820330579
527.400861648 0.0128914416736
528.299146344 0.0672644461662
529.512244632 0.0579638097348
530.47928683 0.0250252883084
531.407533202 0.020427558685
532.280126291 0.13994777848
533.32604904 0.0383731348003
534.392323801 -0.0317080029715
535.250092127 0.0135040279084
