70.9467451383 0.738317423428
71.5782441185 0.723914127921
72.2081955464 0.865806268801
73.063926665 0.732304075177
73.5940005599 0.714948407317
74.4894000042 0.665627510552
75.0004098369 0.683125136727
75.8606472697 0.782188846195
76.5949957549 0.738867397297
77.4920373388 0.742574089812
78.2014184277 0.706809625322
78.9080985045 0.695953117819
79.5775978478 0.701170367923
80.3420694989 0.609159183097
81.1533352667 0.602759142652
82.0752255501 0.638067313853
82.7136839782 0.653103720433
83.6195959125 0.558741428535
84.3151733811 0.572501220172
85.2739797071 0.647630474978
85.9540930336 0.567476625936
86.6853580621 0.568452181136
87.6656047395 0.540125392093
88.6070112081 0.521733449229
89.0983759626 0.567836355013
90.0030928052 0.567990387927
90.9422144949 0.563024497337
91.8383545529 0.541020880111
92.659171963 0.614691086306
93.3280301848 0.620389480066
94.2928078039 0.535563779954
95.2378709363 0.508963003167
96.1673488127 0.47268810693
96.9596946371 0.560329389931
97.7434383989 0.592424983237
98.7652300623 0.580253427734
99.3431630261 0.537426561638
100.588003809 0.510893583168
101.247364759 0.512291112173
102.157537358 0.547702559702
102.889923804 0.385958683764
103.843759285 0.533990083037
104.610074762 0.533954578178
105.672487142 0.409886079121
106.338482223 0.549853454593
107.264258847 0.514210270663
108.130544741 0.383876960635
109.120872376 0.472002611215
109.876514752 0.473098366167
110.904628282 0.437332031938
111.86832482 0.3919384917
112.694310763 0.455804065364
113.508250005 0.427549003994
114.351127986 0.414794891835
115.376980174 0.418524646228
116.241706904 0.409347106663
117.233289213 0.416873355875
118.21227247 0.473216248761
119.068472021 0.446925762702
119.886881243 0.363252549105
120.70750806 0.437591827798
121.9800105 0.362596069578
122.625751736 0.386381234008
123.627783867 0.431370988269
124.451381972 0.469406933963
125.357610736 0.499409607653
126.444007926 0.317335140927
127.291490505 0.344635881367
128.185051718 0.437448723029
129.087415008 0.432466378297
130.11376445 0.338424197627
130.858755712 0.396155876629
131.699088673 0.359745345837
132.84311342 0.319106216447
133.602347475 0.365542869522
134.470072147 0.420443624093
135.758462077 0.5075912716
136.319414138 0.431480514219
137.341760252 0.377080929767
138.357607566 0.287396346231
139.300421276 0.411709661365
140.247954084 0.395593071484
141.050421797 0.349885235004
142.159393271 0.401535918538
142.963600635 0.345308737646
143.773223222 0.450402180111
144.842500001 0.374193151287
145.853190577 0.430919275954
146.752678443 0.317605237716
147.581940688 0.331743143838
148.777107103 0.320898745129
149.74054286 0.283866927215
150.393068177 0.373483267752
151.627277959 0.21761408886
152.61471363 0.29921897938
153.289700617 0.321183590702
154.197642484 0.330885322211
155.277705219 0.377973719056
156.215544509 0.291548837265
157.130208299 0.256286751835
158.045255158 0.406478104808
158.869365015 0.334224933012
160.14061406 0.320108359597
161.144228517 0.350250979324
162.076789976 0.259838679319
162.943025122 0.334480349767
163.922342187 0.349490483085
164.884678996 0.326406809755
166.032451281 0.289901807929
166.766685039 0.324500013897
167.827308004 0.239240291619
168.799479255 0.233670201972
169.679030603 0.389961318506
170.559772465 0.207779310882
171.748452023 0.278393258168
172.805531447 0.3137520266
173.735803811 0.207585964613
174.85271639 0.219083045263
175.617936216 0.277690695564
176.88165207 0.352543812052
177.82870144 0.257965387975
178.523399954 0.390275044795
179.695765168 0.33441013147
180.656338127 0.237944256041
181.607375517 0.349657086809
182.569599686 0.234708923666
183.720270902 0.226462315937
184.656185126 0.354154704656
185.618145819 0.284082817664
186.654251609 0.349964931222
187.484226954 0.269677595664
188.563172127 0.321721129502
189.635821255 0.28904438678
190.462445326 0.245043025581
191.668576218 0.23685717711
192.668546046 0.311761898779
193.734035989 0.233133412079
194.576829525 0.391186100312
195.557462351 0.309646554668
196.457212272 0.387161533274
197.633561414 0.39039503085
198.496900493 0.253646785777
199.454809611 0.34896697186
200.702660231 0.308730989677
201.384785564 0.343057869135
202.553590458 0.261365200876
203.544804353 0.239661935743
204.665542345 0.268085140421
205.805319833 0.312817587501
206.448123964 0.284491320264
207.666878086 0.30542286304
208.487648818 0.461652938156
209.540419268 0.284247441647
210.62816123 0.267710586336
211.522658525 0.251842053063
212.568777781 0.139640563309
213.445362259 0.388019700396
214.293361279 0.278316514402
215.425332068 0.211845859394
216.291988701 0.255430727282
217.492128656 0.334860602285
218.340860114 0.283407896134
219.233704586 0.172027831514
220.151679369 0.378779772714
221.362256493 0.287749238373
222.265787817 0.213310648517
223.233273274 0.29270817408
224.109627679 0.296606189248
225.384735208 0.415120691834
226.178522062 0.308815788869
227.382376402 0.263870039656
228.289025352 0.346756739648
229.234189629 0.449455746589
230.146669932 0.266553205161
231.245210155 0.369327764658
232.051459977 0.302046878759
233.306989218 0.265006446866
234.083824317 0.345466083613
235.209588171 0.296655050697
236.249130252 0.329645333987
237.359096957 0.30088307009
238.005041051 0.375375196411
239.190536439 0.221962811553
240.25060904 0.258318957566
241.144843042 0.377446363622
242.372250464 0.336647358311
243.143008165 0.301624745613
244.108753762 0.326510876219
245.230871574 0.367706347049
246.135098394 0.352941464528
247.187985764 0.308164511714
248.202154983 0.258290826118
249.368142656 0.319298781249
250.276467786 0.313941338717
251.337993079 0.308170601364
252.276508766 0.282291912543
253.094935292 0.351979512372
254.367256031 0.295493862078
255.215672643 0.303116970237
256.201140269 0.376332817807
257.06426898 0.344223191122
258.081686635 0.374849379037
259.206423324 0.343425630292
260.184420363 0.228652207069
261.003626522 0.297623596224
262.057313796 0.329160767234
263.124473223 0.279347949164
264.126589961 0.384134951865
265.111585214 0.374367819718
266.065867317 0.366374425744
267.060386893 0.318007369204
267.912755591 0.271472579053
268.935116908 0.325403108298
269.999627456 0.328962390345
270.767104703 0.314444956126
271.800679533 0.282991818732
272.691748927 0.323929648647
273.555701272 0.163991346801
274.906186445 0.312607096112
275.760375649 0.32092618944
276.564773114 0.259765636586
277.67545518 0.368903398547
278.644388649 0.289954828481
279.508965745 0.325861838346
280.254943197 0.356226366091
281.366320105 0.350079240798
282.738229262 0.298128096082
283.065687654 0.380126181114
284.167627978 0.320106723758
285.347078187 0.273806504566
286.18525117 0.312213105648
287.131169732 0.264052579883
288.081054531 0.296125814153
289.107508619 0.259106349805
290.149360772 0.272786565243
291.017386421 0.248003434551
292.02207974 0.257892079848
292.739065766 0.306931362635
293.798907862 0.270159911311
295.139502845 0.232773089018
295.836554242 0.216203870966
296.823339823 0.353863559222
297.907637348 0.210344849421
298.553665393 0.326589393538
299.706382609 0.191766209064
300.743089318 0.344944896854
301.528976437 0.297469295393
302.590854477 0.17436947968
303.645373345 0.252039210743
304.438657904 0.162578548462
305.467396846 0.255408531998
306.501786703 0.202712100873
307.265765601 0.231998213376
308.292386767 0.320433863492
309.279037929 0.334498070581
310.200729068 0.246764766101
311.308109795 0.207365544708
312.148536384 0.300316544409
312.980032599 0.129534452863
314.236440003 0.333013770583
315.286336108 0.234033055358
315.99015195 0.266169311072
317.193209247 0.26175064339
317.879555633 0.275118909261
318.888920998 0.272693133513
319.899870561 0.243032913226
320.834751912 0.208011871001
321.99593306 0.2169677403
322.810321684 0.317514191872
323.776961652 0.230192063244
324.674344419 0.213217572694
325.834414668 0.290212856442
326.637588491 0.276052987459
327.614244433 0.250636902591
328.686134563 0.262572985856
329.783940299 0.259901399202
330.596158976 0.140259768049
331.645689189 0.336580509688
332.400626119 0.305621274131
333.482996515 0.362460531444
334.59815334 0.159028310674
335.435020496 0.254242707213
336.439898149 0.175206079624
337.337040454 0.275128954612
338.083393961 0.258520015554
339.210530357 0.217848009868
340.128422774 0.285679818308
341.331772037 0.263830988322
342.12356079 0.181501122719
343.254376443 0.237861831015
344.084704786 0.148426999462
345.127425999 0.201397123378
346.121991664 0.323218747149
347.108125867 0.187953752134
348.074877951 0.343556312817
349.038692361 0.215446012763
349.989073663 0.217836929433
350.943687164 0.259279042035
352.005475732 0.235457671255
352.711572911 0.278065212252
353.892026996 0.22977092732
354.94217427 0.219860452363
355.909423868 0.173560622436
356.776089947 0.187215145337
357.889863702 0.240334525157
358.838426077 0.270538060016
359.601879894 0.207496612814
360.622223334 0.248963043283
361.820279805 0.242134636559
362.55406668 0.188024570124
363.698800268 0.185933509139
364.431661377 0.21993047249
365.603527848 0.271770342165
366.427794716 0.120168802054
367.502001053 0.185992700239
368.51963353 0.231381792448
369.197518842 0.227591121133
370.166168408 0.199504877358
371.239862442 0.187100771107
372.082072173 0.274027725566
373.21061955 0.22076291014
374.207197224 0.190369334489
375.15318224 0.186504082352
376.039247954 0.217166978862
377.021537192 0.183515160128
377.706657366 0.219606227041
378.968700841 0.182639857662
379.638545203 0.153554544728
380.701149176 0.260388671614
381.782389158 0.186563620868
382.642324997 0.323427060306
383.375426109 0.176915490708
384.352867681 0.294695360677
385.381107361 0.226273308392
386.219646713 0.21440657921
387.240025048 0.190086822294
387.892193548 0.188266418091
389.061743725 0.0849121034837
389.862733571 0.158908508931
391.048955052 0.160213645021
391.611518931 0.151651600757
392.726114301 0.261418573223
393.490161863 0.16767958961
394.651073364 0.185048212257
395.399954515 0.203928074444
396.35766974 0.245497426492
397.159850619 0.192633774021
398.197230335 0.238618650509
398.916292838 0.226473787183
399.998868007 0.150310990435
400.897273952 0.244536280861
401.910028736 0.154262455851
402.718112681 0.147978029332
403.542993193 0.215199559456
404.453866475 0.173698897411
405.291016129 0.171331544427
406.337090034 0.205980986629
407.076143352 0.179620224443
407.753089353 0.0908705767479
408.814414069 0.1453352698
409.825249825 0.132372878876
410.767258299 0.116082342711
411.476463094 0.278049842351
412.439550929 0.127409731993
413.312931749 0.054072383321
414.168863508 0.108341180845
414.918492159 0.206396615642
415.957875779 0.032138107151
416.808427556 0.0864768079021
417.592457533 0.0757315061048
418.478029751 0.149293961597
419.231841075 0.181049061106
420.125804508 0.217680065937
420.993763337 0.193016404198
421.893126654 0.152585731269
422.781395472 0.0935835609204
423.605282432 0.234807806559
424.334518621 0.096183920617
425.429005622 0.139681132279
426.179750678 0.129802036933
427.051456755 0.173209376938
427.772348404 0.0459121616375
428.707403536 0.0600444978721
429.421096901 0.125833021685
430.243224012 0.21856897108
431.088502998 0.00912911201607
431.909333692 0.202590726534
432.909604444 0.120815141022
433.471833191 0.0846638443908
434.507808656 0.0873399727058
435.381301261 0.0821340746035
436.06163858 0.157075795335
436.71574538 0.229643625887
437.628587416 0.0874958744838
438.596351862 0.0842024216038
439.35752063 0.137639472813
440.199439744 0.133670355206
440.800311467 0.0989797839219
441.716183947 0.10810002658
442.730836718 0.161795741402
443.287082569 0.0815221174727
444.155900646 0.0959109012498
444.996083898 0.132539333633
445.908765276 0.167300247704
446.543215927 0.213855287307
447.357826458 0.145033153409
448.297006157 0.100533622045
448.990722461 0.0915152132476
449.851603042 0.0718097877974
450.781640944 0.103679264939
451.79378246 0.226533631256
452.337925638 0.221660469078
453.242526865 0.146411963493
454.057330901 0.130482928297
455.003379803 0.162304082912
455.734399955 0.182703364438
456.522961373 0.158617258432
457.358112413 0.174781991773
458.355129492 0.145429627352
459.115681206 0.116471997303
460.236596184 0.0721506922472
460.984429394 0.0454611873951
461.922018583 0.163087000571
462.812120177 0.155412614998
463.661444294 0.0557684636854
464.50469197 0.112708243497
465.500598759 0.0889142616143
466.274115595 0.0635881022113
467.197143573 0.0692955738572
468.188120165 0.123907115408
469.114279911 0.0799955744988
469.825765223 0.0998072710842
470.590757545 0.140394704991
471.561382753 0.0647499974352
472.488641994 0.167211802401
473.431887264 0.0504540367011
474.505081386 0.0630464375513
475.186556269 0.107968630182
476.073511372 0.109377435821
477.151756621 0.112173814856
478.099101758 0.06809560599
478.943683709 0.0998335014342
479.974897132 0.0793367839317
480.841957057 0.0651161040565
481.703500436 0.0453061858074
482.837750243 0.100557485633
483.675083497 0.00531263661017
484.553056058 0.0982602889479
485.53371246 0.0982056895362
486.425530944 0.0892879829913
487.480245729 0.0454754650052
488.528315314 0.00946705861426
489.363586386 0.0812867153772
490.283558843 0.039020082416
491.453853128 0.137388039888
492.213362194 0.0932980076908
493.16349424 0.0218642406607
493.934714642 0.136151505194
494.967757957 -0.000771585362081
495.94330835 0.0478012082512
497.068792874 0.1024087261
497.76031847 0.141794261141
498.870622621 0.0920736635989
499.835616775 0.0101414469733
500.972628447 0.0436420142398
501.614513266 0.0531209208476
502.808064987 0.112867390328
503.653206096 0.0621146810198
504.919316507 0.0414497366352
505.754426324 0.0825907059927
506.768106357 0.00456946501796
507.632611758 0.0574824503656
508.553889587 0.0570404234534
509.698526816 -0.0501951131696
510.578058391 -0.00010055540598
511.587943757 0.15653059155
512.596168093 0.0933675873258
513.590339241 0.136772581592
514.277604985 0.131124545911
515.580106613 -0.0669917905789
516.474424551 0.0655976157532
517.670202485 -0.0201924477426
518.482352279 0.132257949819
519.645895683 0.0100600771104
520.573827854 -0.0574593800501
521.363037803 0.0625541186489
522.457677299 0.0746302841127
523.438872939 0.106115413947
524.457949267 0.150613015798
525.421274219 -0.00171728859537
526.359591594 0.116493040045
527.285952279 -0.0064403305818
528.569304417 -0.0363731346682
529.538010588 0.0293613392379
530.293922851 -0.0609143945055
531.499088334 0.061620188441
532.280016187 0.0302435902509
533.452348258 0.0744316097109
534.32644384 0.0638879251744
535.694375786 0.00897423789995
