70.5057455044 0.729134459583
71.4592265393 0.798998052785
72.2750722777 0.799184596718
72.7238021635 0.832588025242
73.4831027055 0.822999442673
74.2838823934 0.844669573001
75.1432846118 0.867000254218
75.8593878261 0.697036851291
76.4637484952 0.687415132472
77.2646819204 0.60983422252
78.1183025586 0.641203427227
78.8842911434 0.742189372821
79.4279768042 0.692527069967
80.482005951 0.66052437281
81.0965468539 0.759139522314
82.1177801787 0.675149926378
82.7720922342 0.636517651243
83.5695127146 0.546079511341
84.4431333881 0.636603286834
85.1639303108 0.521662229323
85.8751240912 0.619593925653
86.8352591391 0.670606623907
87.6795647228 0.542220313703
88.5931662049 0.618804925271
89.320887306 0.565284366873
90.1010028342 0.596557925088
91.0360100097 0.488854020794
91.8644581927 0.533303407465
92.6506125049 0.623837993762
93.4188957184 0.507738889655
94.2379501867 0.571974999614
95.2441682719 0.609600488843
96.0630548937 0.566926039265
97.0430920096 0.528160380049
97.6699066527 0.485345862923
98.7389954436 0.444208161152
99.3377541045 0.565675157412
100.405084472 0.49819677969
101.141083166 0.496515462465
102.119205328 0.543693951757
102.822397434 0.578924706807
103.715820255 0.526196268323
104.945352012 0.498665484323
105.689099845 0.463375115301
106.456743252 0.495473470287
107.399800974 0.478518188241
108.300074595 0.537491265938
108.987103123 0.482784796649
110.233619908 0.498326139662
110.856984074 0.492737456564
111.760291149 0.502015064916
112.608176116 0.50466166653
113.564658335 0.502954228237
114.538089582 0.464218998468
115.456021304 0.368909526782
116.189823199 0.445914388086
117.205036134 0.446377094572
118.177642963 0.534407666103
119.112633335 0.464138961011
119.894699484 0.408006391613
121.007593165 0.468236075148
121.881372978 0.392621677186
122.55585232 0.424539775234
123.520025978 0.437704680508
124.53278592 0.413247860613
125.295178024 0.368806394364
126.028053909 0.424255778464
127.150782165 0.354709857972
128.1429108 0.475062081053
129.081793377 0.392419514101
129.960051728 0.440655664926
131.037441012 0.373804376844
131.819920516 0.367843655629
132.659008051 0.378595286095
133.811652138 0.35652413293
134.795586529 0.451839591396
135.567000668 0.391355702061
136.344218723 0.341884510917
137.296499561 0.317662365602
138.45857959 0.370282853576
139.149761798 0.284929920744
140.320113211 0.387803009014
140.977698735 0.281157418412
142.116013486 0.366821193544
143.02562624 0.330586536135
143.989202023 0.325991812772
145.004679741 0.39203578444
145.893958744 0.404053288998
146.872910517 0.371479394868
147.660695411 0.370397582128
148.761530123 0.353947885216
149.745746445 0.386297222053
150.653407951 0.426313571522
151.608317521 0.291774217632
152.513346144 0.327168137609
153.461834561 0.288475616837
154.394347714 0.389996648948
155.34154668 0.313770467284
156.272295264 0.337053075816
157.206855915 0.372739124679
157.97515636 0.236518894676
159.178207497 0.357347232882
160.007818422 0.418946559513
161.222848087 0.342781852851
162.05374292 0.293189347263
162.800484509 0.27190550479
163.939028366 0.301229849588
164.953824501 0.321136478782
165.836055409 0.391501316289
166.707947469 0.322426415381
167.792912302 0.341858105281
168.694958365 0.253675706795
169.742029148 0.255205751971
170.667754408 0.31313883145
171.644489893 0.299405337695
172.716392243 0.422642316574
173.607921785 0.305206890095
174.657605214 0.312855278188
175.465411738 0.312452329145
176.482045882 0.344910780501
177.631306375 0.31443587962
178.52182864 0.336845896888
179.72009678 0.306267444109
180.613985498 0.318057296822
181.727706157 0.393492822474
182.510534086 0.285441840293
183.601033883 0.336377312952
184.507993907 0.207163322463
185.460098811 0.326146034746
186.5988031 0.195798698722
187.627719653 0.3259117625
188.517737317 0.284361523792
189.583849322 0.250817324162
190.692234133 0.269909013863
191.547533988 0.245680017293
192.532562309 0.313021377151
193.59857948 0.239861091139
194.608900248 0.26659681348
195.740882912 0.274011244678
196.612172866 0.216745608605
197.520973901 0.32687117606
198.713064606 0.326187552893
199.672074993 0.341527181673
200.513425893 0.332153232326
201.456888864 0.282644203526
202.689477886 0.284663832005
203.604821577 0.310428818936
204.730518998 0.365275391997
205.614783306 0.308183555802
206.452860167 0.244434401053
207.536422002 0.302409211969
208.51630048 0.368454091284
209.672252148 0.228789169596
210.515256912 0.320196885189
211.257080962 0.296852777606
212.470972611 0.300720773195
213.485369548 0.278537450783
214.4558953 0.282234305563
215.625487662 0.322082402523
216.497900021 0.250781768706
217.499634036 0.243218991558
218.259698311 0.250956797656
219.411351979 0.329852860016
220.310022586 0.297505957541
221.251832755 0.356808502594
222.216185191 0.361338508618
223.187585493 0.32264786251
224.415516056 0.33349319314
225.090067666 0.300553857794
226.345589976 0.396108177681
227.217442785 0.277923750534
228.385899518 0.236044360959
229.204174914 0.335362955839
230.185487218 0.365063585153
231.234907728 0.320076099233
232.23094136 0.173207749489
233.13416966 0.336487489761
234.089945384 0.280844012131
235.10107073 0.353019045647
236.169710243 0.362137627615
237.263519366 0.275557243614
238.333056685 0.343304558763
239.054971688 0.35751731911
240.136995744 0.281533234876
241.342901326 0.295051051586
242.202845854 0.387299290519
243.099511416 0.39658310927
244.432712988 0.318828296224
245.197592827 0.184527676173
245.936108317 0.437162954774
247.334588259 0.25037546663
248.334105085 0.346231478306
249.224653554 0.296054273308
250.327218064 0.265945782387
251.073200786 0.26757915689
252.137273613 0.345319036105
253.250723717 0.296305324213
254.137292525 0.332205146712
255.042926804 0.349784260281
256.324535079 0.356914358626
257.2529484 0.284096144511
258.309338465 0.357046976342
258.99999458 0.36976200361
260.243649347 0.29392873682
261.195896938 0.279136418802
262.100844394 0.220815849884
263.055244921 0.321981440131
264.110559053 0.298958288163
264.933033451 0.290320164944
266.094650393 0.326280728184
266.996648035 0.295165434007
268.178764097 0.310614960935
269.164869677 0.319411802984
270.012346029 0.316212898146
270.829199896 0.225171782316
271.843318014 0.326953093745
272.718702995 0.212289104051
273.721398726 0.28515983492
274.853465344 0.294714967744
275.631337363 0.258401158474
276.775625089 0.250829484918
277.407044411 0.385392791678
278.455447068 0.30933926966
279.504169817 0.304229830993
280.411292946 0.280277724007
281.3460112 0.264274230088
282.349997484 0.223906207927
283.396770085 0.304712419701
284.25297038 0.21810660535
285.393167525 0.314768078745
286.287771398 0.286874202281
287.231972554 0.310653748705
288.064947366 0.212447701303
289.32590715 0.235638883371
290.008520022 0.267420215051
291.000202371 0.273571910899
292.089007098 0.330867050251
293.031176726 0.231521142567
293.947745792 0.300830692454
294.931813409 0.230690899237
295.648404386 0.327075456556
296.654180302 0.249757462807
297.723051392 0.098405829833
298.779858377 0.238346722573
299.733800236 0.302645783655
300.574593742 0.273649081699
301.642930315 0.297307123991
302.613081821 0.311218855536
303.59877298 0.186398135829
304.500856316 0.286845874193
305.428199965 0.273421083068
306.35405324 0.253309511611
307.453734966 0.33854724294
308.408564002 0.142861960731
309.35134661 0.292758398936
310.359579212 0.231200392718
311.32508516 0.265890802465
312.086299632 0.220644412981
313.319259892 0.250142320501
313.944588146 0.24546558031
315.101998456 0.222588042634
316.093275868 0.261337810928
316.972644034 0.1965005333
317.8589602 0.284479625081
318.90457143 0.224608889101
319.956579419 0.280168234576
320.975847255 0.251818229361
321.740864166 0.243165349454
322.855065838 0.248514462471
323.645273498 0.23175975707
324.775686975 0.237909079158
325.753884683 0.131020569228
326.701254033 0.28367908077
327.648950948 0.178731174166
328.675076758 0.225729389469
329.620783051 0.167565617569
330.573335975 0.198526357408
331.536219411 0.248527124215
332.531335408 0.281701639972
333.519469099 0.196248668703
334.484361219 0.268896518129
335.366863352 0.274930264149
336.360669841 0.224226903003
337.329610733 0.147021131194
338.485646972 0.185953348594
339.232765092 0.237585309283
340.394378374 0.235712628352
341.275285347 0.215498385973
342.270923004 0.277180415994
343.081078809 0.158702414957
344.247440781 0.192142181344
345.146217599 0.305767210975
346.103231732 0.268276476197
347.083241193 0.23783068645
347.963323564 0.230048246616
349.145045438 0.246862701367
350.054630343 0.233849304317
350.902240704 0.251231139376
352.001875249 0.233603887176
353.059105879 0.232616530829
353.916741849 0.203619315046
354.874351788 0.250922105503
355.915639382 0.187326745636
356.709516308 0.28564813788
357.650116118 0.160068281116
358.662761583 0.279152900726
359.792430603 0.28321151634
360.71102825 0.137844513524
361.603541019 0.214030103368
362.545591458 0.204993453457
363.496129693 0.157631629909
364.418620328 0.186353602484
365.329558453 0.25902653863
366.121907401 0.232958359371
367.405767848 0.24660423786
368.19156355 0.150160651454
369.256653865 0.22765368419
370.383448767 0.225512868614
371.382067859 0.231701666415
372.181271462 0.151433697923
373.010298405 0.247974591654
374.051487816 0.267887594124
375.153449863 0.240865207917
375.873771668 0.183841789907
377.120938564 0.210179653209
377.82078552 0.192335470214
378.909235411 0.145750744982
379.841141431 0.202684838712
380.579989846 0.19297633903
381.732447997 0.171321194289
382.600868914 0.143871880002
383.442450273 0.17458230136
384.389393573 0.207672470266
385.300770828 0.235661045181
386.255423154 0.139509530557
387.23275915 0.244966679993
388.186879443 0.266428708894
389.008895017 0.237971137447
389.887087042 0.261924265117
390.804113886 0.193385309065
391.837389426 0.0961790085518
392.646610413 0.161322056279
393.524743101 0.145494539612
394.447357086 0.103864548406
395.433596651 0.166950011525
396.30700972 0.0711527145201
397.312544471 0.233849215764
398.079149121 0.0961267886142
399.0497467 0.107142901577
399.799253634 0.233211760974
400.970095858 0.202896954508
401.5936591 0.27709752245
402.65810124 0.0860071163815
403.653454855 0.188034486149
404.41234687 0.168326266246
405.341019802 0.198877207913
406.244956415 0.224001705037
407.0471448 0.198264063967
408.062661026 0.213712119896
408.844852245 0.216981273161
409.679090438 0.0974630245192
410.671429183 0.207227315248
411.484157519 0.204117014862
412.293859807 0.167093278416
413.181667863 0.196210996809
414.046770689 0.233615997591
415.176632283 0.197477695036
415.990710806 0.179878277779
416.75862351 0.162687114625
417.724992093 0.218040009329
418.418495759 0.187657947472
419.439987058 0.180029870869
420.168718103 0.186731144767
420.920346566 0.23621072293
421.855268645 0.108587050651
422.639533072 0.241125770555
423.502563317 0.0926523307329
424.46577711 0.120183405961
425.490470115 0.0830985482426
426.162215134 0.0680171774331
426.833608362 0.11997772099
427.816474128 0.310862584306
428.635140325 0.100472694764
429.459899032 0.0842073580924
430.242133279 0.138828925741
431.096479502 0.209653382888
431.910482381 0.15172164226
432.649676483 0.0065402269846
433.482333268 0.0896146968391
434.558077971 0.0738016044753
435.311529071 0.150822979003
436.167230151 0.0810636067643
436.799120575 0.198681326531
437.645437751 0.20050591777
438.411107247 0.165386776269
439.238261378 0.12502955203
440.260842195 0.00844951431192
440.926551255 0.140686572533
441.575107222 0.105134273132
442.603447052 0.100292091732
443.197922767 0.0935407016843
444.178137054 0.0661476862386
444.901444933 0.0920996307322
445.816424361 0.0669511379598
446.553036223 0.0640559401231
447.478473939 0.13639498785
448.218376627 0.035946676691
448.98455398 0.0731403098556
449.761806935 0.112919801155
450.52554014 0.0734472639967
451.502649373 0.115004873107
452.599607548 0.125596327666
453.317513553 0.149779732278
454.005940332 0.157563192919
454.929036897 0.102268711621
455.785076811 0.168656618484
456.597748509 0.109151503733
457.689836169 0.049826890793
458.412194783 0.0965498472348
459.099475335 0.114841966808
460.014474805 0.0146522061653
460.918554365 0.101061936644
461.879911763 0.156409725538
462.729165529 0.0375154974578
463.600103439 0.0939574523612
464.438112794 0.128447087135
465.505683675 0.143707428918
466.311879693 0.165152885576
467.037742707 0.0698829824842
467.909998737 0.0715013738837
468.812285233 -0.00288945921837
469.782634968 0.041673173647
470.751850993 0.0309930043301
471.671122871 0.0984387727888
472.681902513 0.0414123068053
473.507668234 0.032116177293
474.465912192 0.069858548532
475.212341563 0.101905400189
476.021049161 0.0283587573428
477.123428282 0.0824049108011
478.135380776 0.128208898875
478.876220695 0.100476513813
480.069228315 0.0613415144229
480.85565516 0.00874706814115
481.899343572 0.0877932963045
482.721621119 0.0845345696428
483.74715512 0.135980865332
484.758886831 0.0232223539604
485.758058126 0.0415227599873
486.680687845 0.0757445723926
487.330197793 0.0783496111877
488.392488069 0.0586619815213
489.315216172 0.0677412993561
490.282473456 -0.00112967439826
491.236282261 0.162571527771
492.248294462 0.0538204360172
493.17954334 0.128199433552
493.798635922 -0.0030443643454
494.829122208 0.0224039294644
495.903052177 0.0701666181189
497.110994572 -1.91620350743e-05
498.032011717 0.0152331136261
498.9258875 0.198760993682
499.736980943 0.145459490703
500.988286564 0.0529256585131
501.906924972 0.0612482077117
502.773391097 0.0729786498931
503.850325947 0.0793947660841
504.810770742 0.101270373215
505.58001581 0.0622331598688
506.739976249 0.0654068085122
507.656055222 0.0677117528952
508.733875416 -0.0491340092135
509.45601544 -0.0131755558291
510.623536641 0.0699167348189
511.721061202 0.0539488575785
512.475058115 0.0452232232179
513.685165433 0.00544825028403
514.586144772 0.0178250278074
515.548969879 0.0913650293798
516.595732854 0.0756078175345
517.631189409 -0.00431129396843
518.441150858 0.0607311736838
519.322534959 0.0661864264626
520.46186325 0.131342601086
521.412383362 0.0832913234141
522.293416804 0.171299248747
523.2862094 -0.0491533287008
524.361832929 0.0693646510745
525.446584044 0.0515501918215
526.448339934 -0.0130526299066
527.521005301 0.166010852404
528.27347805 0.126610918592
529.3405789 0.183298062828
530.256806555 0.0352238956934
531.519573118 0.0931249593259
532.452080268 0.00352374303372
533.270378422 0.0227488024709
534.492420344 0.0898131360651
535.363428025 0.10691573197
