70.8224630129 0.78509832178
71.5731247152 0.737089773878
71.9646739375 0.77982753035
72.9089830221 0.858556869891
73.5308681509 0.771093986345
74.4366937453 0.750396298618
75.0956662102 0.658350392302
75.9182795446 0.718832301603
76.8072755098 0.776397905425
77.2879211133 0.671542954693
77.9743681857 0.693755553689
78.9770425414 0.71259706362
79.7758218877 0.647497031554
80.5438350837 0.667856051952
81.3430316514 0.584289581577
81.9370726511 0.619626366146
82.8803098445 0.565170950643
83.5887414348 0.70154441255
84.4762927989 0.635850905389
85.3628348891 0.649626440703
86.0507822029 0.605915563476
87.0200201275 0.697940697987
87.695152754 0.626648945892
88.5024998161 0.603819600702
89.2946644728 0.621762325331
90.0656255389 0.547119645913
90.888314337 0.628747126692
91.6146061068 0.667546805414
92.5900230039 0.506474357141
93.4887753843 0.508652210902
94.2770584229 0.533976137193
95.1803339565 0.444249901387
96.0833762365 0.515454149464
96.7023801055 0.547286712945
97.9391376271 0.445545597398
98.5950466161 0.536813268686
99.6115830441 0.470342646113
100.445013136 0.482818866865
101.293631258 0.5730458292
102.042744795 0.446741502543
102.987011094 0.513779683931
103.713513601 0.521440264376
104.702082457 0.494980939623
105.598293136 0.492039474166
106.414903375 0.520491399374
107.249776752 0.586502226867
107.966351056 0.522354714765
109.215206772 0.459834956786
109.898804345 0.475418483483
110.813704839 0.450854668747
111.714464357 0.51506192474
112.691477933 0.520284653341
113.590857916 0.363153272169
114.511342587 0.524887558793
115.382300683 0.383757750661
116.263277542 0.385385863498
117.295150875 0.380821150234
118.006374713 0.433671280174
119.138651341 0.383345954474
119.898409544 0.40609268336
120.793818694 0.312326919648
121.603872094 0.380390735103
122.682955532 0.389887452901
123.411868953 0.398404285939
124.514288872 0.495147471948
125.432217688 0.358388588292
126.317438109 0.391723018039
127.092284664 0.405722964391
128.296905342 0.468936778954
128.805190981 0.388651390729
129.95630606 0.380495622825
130.932860356 0.322286548889
131.820386444 0.37513619684
132.953424678 0.318755101237
133.708782019 0.288152033412
134.761769458 0.35975180883
135.578496275 0.360709989352
136.348996303 0.387016984344
137.449160128 0.322497369834
138.3624918 0.362050612976
139.441691209 0.414837870795
140.298264089 0.376742721443
141.160813153 0.333494967899
141.992544515 0.411437450675
142.911481816 0.351679232584
143.836646935 0.338994710069
144.851495279 0.384355418164
145.720447324 0.214227538145
146.816162519 0.3991555516
147.660198591 0.349157179743
148.635040272 0.323548369853
149.662286287 0.367410823142
150.615039468 0.338219613971
151.505924673 0.338143404444
152.467293888 0.325823894007
153.242526487 0.338827619784
154.352949865 0.340304500816
155.38500474 0.362006883429
156.302757198 0.266434538985
157.230549685 0.31537133402
158.021081748 0.376160065077
158.925023361 0.235017518161
159.996495861 0.460344285929
161.000819496 0.366715433678
161.958889094 0.270896454548
162.994201195 0.252100357398
163.929836815 0.199787653634
164.735272747 0.395786771946
165.984112104 0.260019854037
166.869016348 0.357924673012
167.8286461 0.302596283003
168.557555038 0.391363529969
169.664956638 0.353271513342
170.823297568 0.284669431319
171.730514963 0.310369274942
172.596078152 0.298137581629
173.713594486 0.375536994403
174.816570674 0.239195927343
175.757760312 0.189770204309
176.619779372 0.23491397722
177.733638145 0.321934981239
178.472664818 0.254000107511
179.644730295 0.290444413044
180.590431071 0.28018783073
181.463872351 0.369752021191
182.728805665 0.334877917458
183.616087842 0.311140858858
184.754905854 0.264493143528
185.59962127 0.189117012414
186.628791893 0.295079172171
187.564267236 0.322217397416
188.645878083 0.362742045045
189.508575273 0.263389454734
190.693190696 0.284953972628
191.6090128 0.413203790277
192.488265378 0.288152099185
193.536114011 0.344265606783
194.552371451 0.311193815219
195.684891419 0.332164243177
196.634282152 0.291644777716
197.529210219 0.293002658728
198.623066898 0.321187723445
199.587786933 0.389705363848
200.582868043 0.356391400534
201.849989189 0.390173203252
202.662915589 0.281258875477
203.716200372 0.241458284363
204.493520339 0.317863130624
205.599232686 0.30908348982
206.656663447 0.27480681978
207.691977865 0.335525765128
208.487737811 0.364026207775
209.632270526 0.318347875065
210.399183424 0.225898322977
211.50098633 0.232575810033
212.636263153 0.416414939892
213.387627961 0.395556862989
214.472207453 0.301009070426
215.555426999 0.350117021469
216.356383226 0.335435804066
217.460458801 0.432120210951
218.415316925 0.33000279381
219.428040694 0.277045878442
220.395727208 0.258424165995
221.545229289 0.325183575817
222.28926281 0.411196548308
223.205905965 0.27937260732
224.252699952 0.289819793356
225.42860504 0.259111460988
226.296991146 0.26748194367
227.103055391 0.200616992
228.348698035 0.263193632453
229.175417797 0.334762512627
230.306964262 0.268598768893
231.284413895 0.402392348914
232.252174122 0.282210120142
233.097791563 0.325251033637
234.222025922 0.364597602926
235.271977277 0.287996058665
236.075960053 0.244405509234
237.232464734 0.315360708186
238.223226184 0.287093651208
239.284843428 0.343932886218
240.375062265 0.330376111727
241.225402674 0.340794836354
242.18293285 0.365627709926
243.249180791 0.337862553209
244.318808217 0.404836998382
245.238407914 0.300427259692
246.265907153 0.286883112013
247.171162972 0.405433435652
248.198304188 0.26294599203
249.176341606 0.282003772053
250.169847639 0.229045097024
251.183255631 0.28295700855
252.32025949 0.368768848029
253.138302003 0.236746952055
254.116754974 0.362629365364
255.160826418 0.247681032589
256.16806991 0.367230216853
257.121606118 0.284274804807
258.079909155 0.29584870319
259.152237469 0.380171762457
260.142488889 0.3535805851
261.129124536 0.261647165232
262.221613219 0.263747990166
263.007375825 0.344616364045
264.091335878 0.253873914673
264.894955614 0.355900286974
266.106009082 0.312408537927
266.881061876 0.306191759193
268.083441665 0.321501305203
268.860372954 0.345436825248
270.089073145 0.414328481174
270.914406389 0.299422516321
271.678267858 0.262439106844
272.919448612 0.341212088347
273.770707564 0.255788098578
274.788162883 0.330175297262
275.721082964 0.257558793451
276.558382023 0.227979769193
277.362559978 0.267016604856
278.561746649 0.269404691211
279.609010917 0.225362109194
280.586189064 0.335613014183
281.287436533 0.426019481744
282.34756048 0.237132256955
283.232435997 0.263806945031
284.251373217 0.25734572185
285.27576222 0.351961820783
286.138926428 0.299985855092
287.273773991 0.258086790421
288.05510081 0.292831742337
288.765183996 0.279472598134
290.248905874 0.258756630742
291.172262619 0.30243913473
291.944498276 0.292136301504
292.972967688 0.245903669702
293.743805231 0.263929940747
294.781573975 0.309407693885
295.881480816 0.253124571088
296.828031503 0.29746955094
297.51421108 0.325139357615
298.563927563 0.261408119913
299.82418475 0.316413202198
300.493966819 0.275392388356
301.594669458 0.285197022627
302.417141025 0.384519624189
303.561637263 0.275866901693
304.576703827 0.258521044347
305.508409981 0.22842353472
306.345184208 0.29554473206
307.376355787 0.263307545038
308.377567749 0.203613052407
309.044869957 0.250054312693
310.134863149 0.281853030468
311.347822467 0.252235569858
312.061495425 0.254763709627
313.083726237 0.320569035815
314.136085442 0.322876231116
315.020243439 0.257878153105
315.992768512 0.283739415957
317.006056535 0.219637139337
317.86142378 0.300528604694
319.032203294 0.226592224791
319.862778182 0.280401755574
321.031127753 0.0666944713245
321.9866888 0.270020859243
322.891278056 0.229876155635
323.710096108 0.268132046802
324.613767039 0.319511415469
325.796428784 0.196710895268
326.775246205 0.171193994667
327.747681654 0.28971379846
328.659646729 0.278549821678
329.526246175 0.115335123808
330.665982028 0.299474751302
331.689608937 0.237270810393
332.431117227 0.117783001912
333.834918879 0.280011698437
334.515343943 0.209255790692
335.465107029 0.253186816127
336.374045823 0.260113582523
337.386919006 0.325253056235
338.191539135 0.219070946278
339.33660223 0.243484161247
340.026053719 0.22897542156
341.324614377 0.093589165773
342.374014986 0.274348589639
343.439636514 0.189063106327
344.098553544 0.174183580959
345.124814423 0.217193042673
345.928087248 0.182090986705
347.182263673 0.193478513723
348.235424751 0.155973403641
349.112372785 0.189514320511
350.048918808 0.235521039376
351.050015127 0.124518249179
352.034919916 0.236416552854
352.938962977 0.302402408899
354.072153962 0.311475176826
354.749800586 0.282176091451
355.817810167 0.164794491741
356.812736655 0.158677116525
357.773996456 0.26552043882
358.717139169 0.243776564663
359.865022512 0.244469319389
360.880073737 0.246307108312
361.532113583 0.192677191207
362.618829934 0.236611781784
363.681276468 0.169923411196
364.518196413 0.23985878662
365.536805691 0.317703839226
366.287172635 0.253028565835
367.447384699 0.235087810864
368.532271307 0.187089925831
369.188459293 0.138523558991
370.224456279 0.232172778324
371.234278041 0.303506556779
372.054660351 0.218688660097
373.03830021 0.172730692828
374.12612201 0.264625629661
375.016224888 0.173258244385
375.852061057 0.197041319601
376.888963942 0.253777264958
377.721190123 0.308243378412
379.072246781 0.218753596969
379.748832467 0.22103806301
380.721993346 0.162658762575
381.61510107 0.198944742547
382.490360217 0.257874255218
383.384766582 0.255058768511
384.436897563 0.258130514652
385.314215583 0.180970052501
386.246035422 0.253172398522
387.32439544 0.245876058703
387.89259434 0.258685059127
389.028653886 0.201005994609
389.704436623 0.161518491766
390.933136918 0.13978704937
391.527730545 0.19160203199
392.593769088 0.222041709493
393.7066682 0.200835422303
394.499591215 0.161752317853
395.445277289 0.151798302833
396.360586934 0.245631007509
397.234593222 0.199667055814
398.207222996 0.160216902746
399.068150995 0.15042677093
399.878046885 0.22093038233
400.750679501 0.184122435009
401.734132468 0.141523037567
402.694812793 0.103843172782
403.443337043 0.134125466828
404.323321709 0.149751807685
405.34192513 0.177819440368
406.241389734 0.160107436081
407.115579869 0.245444456775
407.812176208 0.190581596799
408.858968526 0.154345076673
409.67986021 0.0686916109165
410.642954112 0.1074771082
411.591682708 0.127824315819
412.332652278 0.148990635135
413.325774621 0.206723500912
414.207571297 0.136249060456
415.080979077 0.0917806922224
415.940346584 0.185072867037
416.800084094 0.122692081993
417.58903376 0.229750336463
418.316945135 0.173202969349
419.289570761 0.153031463072
420.219462892 0.102649006204
421.099710409 0.102028454478
421.874443102 0.0703065287071
422.749342428 0.0862027057066
423.636012124 0.25751546933
424.406523167 0.102849980648
425.25754458 0.164821252647
426.014300937 0.141470226555
427.168043758 0.181754424052
427.716632403 0.156303535296
428.618158341 0.116447682175
429.391225341 0.2437773338
430.075962666 0.191349295938
431.095327523 0.217554138919
431.847452459 0.170220548389
432.906151786 0.145957332143
433.652769141 0.0951002990566
434.380677779 0.11822158263
435.289855137 0.0641256554356
435.88728216 0.0894570603501
436.945454484 0.0972444306044
437.645918971 0.151119203921
438.516805216 0.142667153708
439.366450692 0.109280601743
440.009312325 0.0483566642228
440.76548669 0.162890239591
441.567015284 0.163208350786
442.47616094 0.146312159315
443.378472125 0.115499403559
444.170418593 0.1376030096
445.04624798 0.04834976373
445.767282885 0.0925540740952
446.503346726 0.0905682459635
447.510068298 0.0435247066733
448.187502987 0.0804068817906
449.115416954 0.0617009455218
449.831816848 0.161913570012
450.787270529 0.102820548492
451.528758843 0.142929915194
452.359247967 0.0682844490902
453.067254488 0.117878064969
453.946941993 0.119549423958
454.802797149 0.117073940843
455.702736862 0.0661985325882
456.824616269 0.0878414767671
457.61297442 0.00913010237026
458.268557719 0.164392834811
459.155456392 0.133193769165
459.908570391 0.0948441322523
460.900395453 0.123662454907
461.727565548 0.0474149015878
462.757885633 0.0939039394237
463.700675099 0.0311169491093
464.523419839 0.0795615145953
465.199688323 0.0934705735964
466.165137704 0.0744011660754
466.956655657 0.0200532495846
468.138761953 0.121162389962
468.860570418 0.112114287618
469.722161092 0.0256313467975
470.695037864 0.0709243022629
471.519760033 0.0684112685375
472.643080532 0.139129256154
473.384751808 0.0606349533425
474.255926368 0.0721399288962
475.089778728 0.107133989427
476.248701073 0.0846011209169
477.199574735 0.0125382345336
478.165815225 0.104862698695
478.950862086 0.137939692055
479.95244443 0.0848988917523
480.845304777 0.0947785336923
481.861287445 -0.0336619070479
482.587234909 0.0763172981103
483.652730207 0.0201514908825
484.641786296 -0.0227610230004
485.626506887 0.11322186275
486.417600243 0.0658936005177
487.369035373 0.0540712607633
488.442884127 0.100414780566
489.323427958 -0.0270492190657
490.447285667 0.0912831277815
491.193044855 0.149442692927
492.082538931 0.0208981726198
493.298585908 0.0863788092844
494.101263889 0.0890633791446
495.10957965 0.0423114900232
495.874061357 0.133753461757
497.003634412 0.111119428293
497.850393046 0.0848301962634
498.71414179 0.0241966293711
499.85829269 0.0609057405702
500.97449145 -0.0101099024352
501.80176694 0.0785435366912
502.887052284 -0.0287098180649
503.810227136 0.0906792053222
504.508553603 0.118624061713
505.872814716 0.0352231785846
506.853121501 0.0728290283715
507.452394007 0.0461659278078
508.705132625 0.0787161755542
509.736945737 0.0553720798038
510.423431486 0.12598113773
511.549695696 0.174623922192
512.575897478 0.0920738285672
513.435283575 -0.0673568755366
514.55198107 0.0670708325477
515.502491104 0.0615089384995
516.559898094 0.0623322191298
517.637151873 0.0722734594438
518.613334403 0.114050748653
519.633235689 0.0713179449055
520.60623194 0.0576387174644
521.419299551 0.00283916011212
522.356850618 -0.0399698291325
523.638474847 0.0877704071896
524.61011508 0.0295237919717
525.299084721 0.061176338328
526.39059288 0.115382507921
527.395035762 0.0396235465137
528.644579357 -0.0390405546324
529.379361198 0.0919107830361
530.352466899 0.029642196969
531.530109359 0.168499040778
532.500327634 0.0209513287491
533.572514627 0.0951278821582
534.452417683 -0.0288518792746
535.35342077 0.115100626036
