70.9192153242 0.801697329073
71.4461378305 0.793790752049
71.9986073758 0.734272014856
72.9308061425 0.689858714144
73.4767491827 0.752518358672
74.2865575584 0.742928932232
75.1175887318 0.762248249736
75.6826715448 0.751414441417
76.5124109913 0.668757712999
77.2936323945 0.66496208304
78.2098094299 0.582251006695
79.0195555399 0.703165905661
79.5391420972 0.695224057671
80.7591545325 0.729999972352
81.0940863142 0.734113355868
82.1189896922 0.690357834616
82.7072893192 0.567399449876
83.7357800196 0.639449007575
84.3499480711 0.592582686727
85.2158890347 0.71885298313
85.9671693073 0.671277978711
86.655545478 0.57402886207
87.7256581005 0.650210461797
88.5787134767 0.570112727958
89.2055866526 0.5029143674
90.1365806011 0.565120183749
91.0100178342 0.609611728343
91.6702406099 0.552395197476
92.7705065553 0.607146851227
93.5528302495 0.62559998857
94.3924754675 0.49049434571
95.3342414477 0.615142551982
95.9781178156 0.464305620593
96.8486976531 0.610321580853
97.9595134382 0.551159882221
98.4451856989 0.514310701198
99.6030709548 0.556583902494
100.473218146 0.639278990216
101.321075049 0.479704564424
102.131447694 0.580054679354
102.975649063 0.553795971083
103.889956788 0.530592120415
104.541277564 0.466906896688
105.545162385 0.530528775608
106.525946076 0.381905723899
107.452958829 0.554319455822
108.246270346 0.497553070227
109.166864897 0.422868526553
109.910792447 0.509601389517
110.802687762 0.458868555158
111.6588441 0.441761819526
112.732960917 0.40367321051
113.775450325 0.355047717575
114.40049511 0.466571336622
115.286918054 0.433188586946
116.300848749 0.376817349177
117.388062226 0.443297634568
118.119527807 0.490536849353
119.083465008 0.392414337786
119.812302646 0.437209288547
120.872009533 0.422727197424
121.794602865 0.478929586507
122.677796545 0.558420142123
123.579788122 0.454118436894
124.334467066 0.35223787883
125.42703809 0.397144614113
126.323716604 0.382453619343
127.293135533 0.466227299753
128.299404341 0.340212152763
129.158598416 0.481054698918
130.066819192 0.352877079971
131.043349672 0.366839595142
131.793380426 0.342745454616
132.731817222 0.403796960379
133.575933402 0.416869586649
134.679708002 0.436146990863
135.511808314 0.337866972119
136.442103067 0.393529492556
137.380246522 0.383801479021
138.39734668 0.368038424947
139.224798416 0.35921586399
140.249998274 0.316184471822
141.149982634 0.236279233476
141.895290457 0.355790404195
142.850706135 0.417589902871
143.967510174 0.43378863509
145.080388681 0.293748786215
145.882413568 0.280729684623
146.786896407 0.29538155041
147.573748452 0.282527586175
148.745568696 0.305780335947
149.557990181 0.419652012484
150.476295431 0.346024839233
151.531011988 0.382276593754
152.258852 0.399063041061
153.481631234 0.406830423173
154.246461108 0.331783397024
155.430428504 0.385885646525
156.253080087 0.325661766611
157.067767888 0.267822990445
158.22380266 0.331426463727
159.009077662 0.217703335731
160.149754234 0.291757917731
160.81510069 0.373068917173
162.040385212 0.300994543188
162.836848664 0.302363862972
163.741558009 0.393999584352
164.811453381 0.298120161538
165.847658271 0.267166078284
166.918712523 0.312171433239
167.671780457 0.248044924974
168.831561322 0.348011180524
169.677834737 0.226130908071
170.628910256 0.276918395306
171.897833727 0.275632130452
172.565169208 0.306732737014
173.519666273 0.231803151112
174.597592423 0.212480999768
175.70546846 0.316007804572
176.756933181 0.223861255974
177.718037642 0.212302305918
178.689768058 0.240913197569
179.483741645 0.305848113642
180.702689464 0.207842905543
181.544911675 0.30566184009
182.469602198 0.20181584646
183.595518945 0.369963721585
184.643503374 0.276384600316
185.647322851 0.329251136096
186.485817566 0.260716274402
187.533150008 0.338279161595
188.600089186 0.286847183427
189.74090212 0.313450516219
190.568412919 0.385249224974
191.759124186 0.266498230802
192.537231411 0.195081618169
193.383804131 0.30641962518
194.498084432 0.269338659291
195.539802015 0.344487950109
196.541273015 0.314479036176
197.527172514 0.329113103614
198.593583508 0.311600031001
199.522048779 0.236425694065
200.489499249 0.279599512355
201.551796073 0.325662612359
202.511681939 0.226035304158
203.552183489 0.252896011706
204.486398876 0.355233109948
205.693616352 0.313091864477
206.308894126 0.360662076825
207.421880295 0.234603769392
208.501828728 0.349815418859
209.422469097 0.227036939174
210.609926196 0.342948748253
211.453723081 0.322568987256
212.594990752 0.345706721755
213.536152246 0.336001435485
214.641326044 0.280718572893
215.505415365 0.307656249318
216.441360393 0.284183432618
217.432376948 0.331258909466
218.253384871 0.291189208253
219.462872007 0.273501936405
220.33516563 0.258605604287
221.285679058 0.335894648661
222.221485735 0.363229582063
223.197994936 0.383389027309
224.402457409 0.215434635917
225.371530666 0.317941692564
226.27203359 0.250986012656
227.381402282 0.304933302259
228.307538534 0.265204696171
228.986104325 0.319571948748
230.263991575 0.25685482416
231.251737668 0.278663746194
232.064118048 0.350915638387
233.269396941 0.249524513939
234.155759587 0.259883928297
235.422149743 0.328738880454
236.434902912 0.303067261724
237.191439935 0.257970927146
238.36021676 0.307885115183
239.182030904 0.323700854065
240.161812901 0.306989882726
241.152355499 0.362645342576
242.261012917 0.365876234033
243.099246541 0.280670892224
244.127726644 0.241606040384
245.221683455 0.326495228476
246.48581997 0.316147724197
247.337905164 0.30752408449
248.359465822 0.276600107675
249.269219785 0.425809261955
250.33371765 0.202464892924
251.087894091 0.283037490756
252.204350416 0.291839370984
253.082639127 0.314996138595
254.14309144 0.324419945021
255.327554875 0.259429846513
256.024152747 0.271248369409
257.229008825 0.286663171814
257.996771778 0.34900760238
258.994995844 0.32647549361
260.134314457 0.299971992924
261.050683407 0.280705372695
262.075498485 0.334398590732
263.146554334 0.366152340854
263.961967525 0.340502923374
265.247114762 0.30110843454
265.972165806 0.294651978564
267.05364627 0.238886676248
267.929406059 0.318771897938
269.044969479 0.299089591917
269.850752469 0.26979210132
270.763234821 0.320658408716
271.877314738 0.230797461045
272.96636695 0.33438435881
273.640537906 0.292798321914
274.726227525 0.308584101209
275.613264923 0.360780098857
276.670258827 0.403683962375
277.597905542 0.254066456494
278.427085747 0.185241365762
279.571758033 0.322347178508
280.397982911 0.265483989924
281.32450791 0.327738010815
282.404630402 0.374378593105
283.436767659 0.307585570826
284.244419126 0.310046869685
285.410497806 0.224139352845
286.093942745 0.29664054932
287.356410884 0.324765279705
288.109743609 0.217490795964
289.13869046 0.283631327965
290.002644888 0.246512087925
290.979066446 0.19658216093
292.029644461 0.212164325614
292.906976058 0.295116159024
293.698855584 0.305928944807
294.855065962 0.273919049482
296.064193829 0.224625715872
296.81780758 0.230604662595
297.811336 0.268293071015
298.727685509 0.261731719132
299.644198207 0.291144500793
300.706384752 0.177478180518
301.54984803 0.222432886669
302.449955414 0.359772541375
303.628978972 0.225442674079
304.51023996 0.265475745773
305.371986473 0.232923338463
306.377627307 0.384969666515
307.628800499 0.323645911856
308.381706352 0.198931614547
309.407370303 0.180582147197
310.247369445 0.385754658637
311.473157591 0.303768632779
312.114297491 0.319104728098
313.303273754 0.263103299648
314.242184505 0.268875036695
315.013896242 0.123256119324
316.02186393 0.230302638051
317.136375843 0.250354676071
318.171441166 0.261248232719
318.931592794 0.342160197408
319.924471754 0.224622005726
320.841941607 0.210404445435
321.862363996 0.226259510588
322.715179096 0.193503517649
323.868154882 0.255381484953
324.713869694 0.209538290627
325.879533793 0.209085143429
326.674350611 0.257214665441
327.606335289 0.199401811876
328.656788236 0.329618903234
329.507892525 0.244786426846
330.595184347 0.300529403644
331.7255603 0.233615431594
332.4987892 0.191377905887
333.519962521 0.259181717807
334.327848469 0.30615977577
335.315977236 0.300044217259
336.536232591 0.252738084297
337.423762109 0.238361479525
338.339952852 0.268659618104
339.443320669 0.13856028519
340.204099208 0.222195861802
341.224334686 0.303186469607
342.262381646 0.0783675659806
343.276086181 0.253320582978
344.114053172 0.258655105695
345.223593683 0.290004097339
346.234754124 0.167643255407
347.250125388 0.204170340018
348.068197862 0.284616409308
349.039205526 0.313725961738
350.015668556 0.148649906367
351.104841465 0.196080928393
352.169786514 0.294749138642
353.074782347 0.300788262126
353.914695336 0.226430148591
354.804639869 0.194988964905
355.801632245 0.169843421933
356.863172986 0.273360527589
357.787436496 0.114893509113
358.902003657 0.183598974329
359.763219221 0.133611999878
360.64060877 0.171789475497
361.662395265 0.259082720709
362.375153183 0.283996245211
363.73675818 0.242507380299
364.626846844 0.112996782862
365.535981462 0.202034518178
366.440360309 0.2527171939
367.465296067 0.228880560442
368.341671129 0.166553775006
369.175727303 0.187331181596
370.230371905 0.165955643252
371.128849254 0.266461301431
372.269707649 0.293991463519
373.231656841 0.274117940165
373.96304931 0.160552084735
375.001148236 0.264564754138
375.993275136 0.205218187116
376.659108515 0.208499905765
377.820840576 0.222477175202
378.823900173 0.189255181742
379.668651338 0.177859461598
380.633821575 0.28201081233
381.547086934 0.238075962734
382.513949997 0.27209336389
383.485146355 0.132915654871
384.354149609 0.17284304569
385.213732051 0.178156564487
386.249671805 0.251442180335
387.240228123 0.208178334198
388.177007011 0.15537233814
389.065176258 0.270008435866
389.906335693 0.19261610785
390.80536055 0.192216926616
391.924148368 0.216797888958
392.700335594 0.248353693364
393.636351128 0.168568052315
394.622893148 0.162144112614
395.528538457 0.196077756858
396.527198309 0.249627346255
397.257729788 0.0365123139794
398.363233141 0.183568906923
399.09036487 0.177556910729
399.87851074 0.227161327131
400.84275903 0.135552086687
401.729586695 0.157595665998
402.656997699 0.190409760171
403.582068379 0.180872893249
404.271244164 0.185491995121
405.392740906 0.187683127246
406.378394066 0.160794018081
407.043835933 0.230049112229
407.944773965 0.122445152811
408.911714817 0.134149994754
409.91935305 0.211612264205
410.600106063 0.128405572574
411.376802872 0.166106770796
412.474976735 0.223915989732
413.358495574 0.248917339027
414.354841121 0.244254565852
415.11354482 0.189702971871
415.891689273 0.117274043248
416.821777614 0.140553641345
417.458489254 0.067962672617
418.489255102 0.127592355106
419.353782621 0.102884215915
420.017473649 0.234128170605
421.109845101 0.244990648977
421.989427471 0.0971125972153
422.881878492 0.106843392299
423.767061392 0.109544322485
424.361186585 0.188572837923
425.181193579 0.247796186116
425.940453086 0.212143987257
426.958945684 0.171613972366
427.7284881 0.181581480251
428.730475356 0.206093950861
429.370308604 0.249291760033
430.495474137 0.169378403289
431.114816539 0.142853441738
432.034993707 0.0915526467473
432.74781592 0.107948107553
433.512099182 0.150857490053
434.556509218 0.128142668129
435.26002851 0.163674213524
436.104463014 0.166033663675
436.896292338 0.166673459381
437.753209858 0.0648557190675
438.442604549 0.113646106947
439.459158537 0.0891071609207
440.047687495 0.20125874167
441.013654759 0.21196486116
441.558803862 0.127778029458
442.51368172 0.01713053747
443.510930496 0.134886045233
443.927470757 0.184824097519
445.160360793 0.0949556641796
445.836297647 0.15487673867
446.812339164 0.242470978565
447.273303901 0.209506426542
448.130723915 0.15281223482
449.035775227 0.0441627359429
449.85298622 0.0618830531587
450.681171011 0.0734795055971
451.552406694 0.172742574514
452.346993464 0.0937282157703
453.273371876 0.0766783993273
454.026052405 0.168441552914
454.920682544 0.125768276331
455.833755897 0.218528397961
456.550846754 0.0776390207164
457.558615239 0.0755001893484
458.312038704 0.187333470261
459.172676135 0.0589453838254
459.894388755 0.0752752741014
461.07371064 0.14628151956
461.823382591 0.100873718282
462.806349777 0.0797298164115
463.802710067 0.145002648088
464.505261762 0.0522256802274
465.331786198 0.183522456431
466.239132196 0.150161850846
467.195908399 0.122955749643
468.130506735 0.0653431088813
468.9628497 0.163803618323
469.887707325 0.116146361457
470.769740513 -0.0464976903977
471.839979734 0.160671037284
472.808326096 0.0715704525961
473.606712077 0.0422845284406
474.589251586 0.0759631458327
475.24245615 0.203366221891
476.200672656 0.15128418157
477.114426419 0.0832730501381
477.938019067 0.102768978079
479.104380711 0.0538948842941
479.917909386 0.117675733892
480.938979128 0.112415451788
482.080792243 0.0769394681936
482.732550676 0.120996442962
483.626437743 0.055427578521
484.608559476 0.11022084538
485.59425632 0.0828520801457
486.62866528 0.105435973488
487.252037951 0.041869312685
488.337702637 0.136906310083
489.404532865 0.0150662136233
490.242549668 0.027545389014
491.389802479 0.000579949187567
492.255297662 0.0853767456443
493.229547117 0.129599979569
494.146454709 0.0831009526664
495.113499169 0.090952807101
496.163719208 0.169012189161
496.939873517 0.0964921047984
498.010350117 0.0542580904222
498.826367971 0.0484288154269
499.797533894 0.0979348781919
500.976796644 -0.0134229704039
501.712087532 0.0504371172212
502.860862914 0.118345463817
503.70271316 0.0851749737278
504.832397685 0.00773468764103
505.643491995 0.131723371316
506.624049896 0.113674221939
507.502227801 0.0589981718964
508.470992511 -0.00639904516714
509.402923549 0.0373895986668
510.579379215 0.133373770821
511.510048019 0.0941222440983
512.498633879 0.109990624793
513.42652855 -0.0205457793978
514.428369733 0.0651241783596
515.530459982 0.0512265201793
516.312819678 0.0141941335475
517.480892709 -0.0626054502085
518.435315828 0.0603330027569
519.416032491 0.039496216687
520.417719355 0.116173322209
521.449020344 0.0362539208191
522.296696489 0.029183670583
523.505642579 0.0578000808288
524.512286154 0.0992710618798
525.346280982 0.110096086877
526.205882377 0.00365765794529
527.393109787 0.034182069729
528.491079959 0.0198400665289
529.503507301 0.125923880263
530.536720573 0.104702878529
531.412184906 -0.0105825141917
532.326388965 0.145130070697
533.383872732 0.137817034297
534.536154106 -0.00415521879268
535.606006024 0.060652699387
