70.7702237169 0.754651294379
71.5615802324 0.671348872429
72.0154161808 0.864154595971
72.7478563704 0.781821317776
73.5445237754 0.715141544143
74.4583550136 0.738581242545
75.0160630951 0.770601543604
75.7248843631 0.694506590899
76.6827105188 0.753611612956
77.2315394323 0.714059743049
78.1320324915 0.743521350646
78.8422890878 0.649037313845
79.5082977361 0.622128214556
80.4451338086 0.703626613372
81.2170566872 0.638872565477
81.936235724 0.691618027448
82.7577904392 0.621406631428
83.5729134832 0.599044587461
84.4456750794 0.619502569814
85.1756213307 0.547922142609
86.0468569277 0.54432707897
86.9661601887 0.619769883558
87.4900227196 0.569902979865
88.538118165 0.664024033712
89.3760043175 0.542575600802
90.107928511 0.550365725345
90.8700651688 0.557075428221
91.6989246079 0.536150280061
92.8053826158 0.656538599973
93.5588551822 0.480698078187
94.1882712162 0.484006189551
95.1553957824 0.579796641967
96.1402836502 0.484631130246
96.848001882 0.617669512742
97.8022819719 0.570527933327
98.6183420991 0.49060256356
99.5570986878 0.550403901284
100.237165029 0.572335905991
101.104432586 0.538663940425
102.065700957 0.48926691608
102.818024222 0.477917025262
103.943387333 0.461226352116
104.742808514 0.476024682636
105.57014985 0.486377550166
106.411635548 0.468096699375
107.444559695 0.486475511647
108.120222773 0.358132255862
109.002379525 0.474770981857
109.933097426 0.481487629529
110.824683449 0.486613473658
111.948525477 0.470765459165
112.767127872 0.490468329947
113.464580063 0.514592201205
114.46293862 0.398596725226
115.252088298 0.452827363913
116.096161146 0.50993183392
117.168624056 0.400441001005
118.105370129 0.402527827233
119.091285491 0.445998400213
119.99188383 0.356724023693
120.794005977 0.405994687039
121.668014815 0.402719880461
122.765206776 0.414071968422
123.510101648 0.462067902375
124.533989769 0.37241655906
125.296683957 0.369924142815
126.397971792 0.496542651971
127.187024948 0.382208577713
128.171214141 0.366101034089
129.085282847 0.39279658653
129.962158141 0.387213892892
130.936349762 0.435382564077
131.770507598 0.315878711344
132.943011973 0.362261322412
133.618363547 0.326508802211
134.625336706 0.389413561052
135.479271196 0.281060997116
136.456232749 0.346575883986
137.4106806 0.384455796995
138.530731901 0.400311782558
139.302680702 0.38266471685
140.27493898 0.302657501532
141.192668378 0.34289510848
142.122833567 0.349644316478
142.897324315 0.341836083113
144.15830373 0.308028889083
145.048927871 0.333761107008
145.853412743 0.321821073496
146.822018631 0.478846797315
147.728523587 0.357428516918
148.684681675 0.420849514433
149.624771828 0.364911808513
150.603771951 0.382969423236
151.366730192 0.281955404245
152.285100466 0.291425903756
153.31201584 0.392500578924
154.248215877 0.215621010729
155.107611643 0.207845841526
156.052221179 0.356268491337
157.082693367 0.283820665058
158.122965742 0.37809157137
159.192604935 0.195006289296
159.920612289 0.352094699261
161.061833952 0.306948628945
162.022662988 0.352562003286
162.922767964 0.234083444587
163.87516401 0.359553619019
164.835382459 0.357921975492
165.730060729 0.334642355555
166.669248565 0.315219120676
167.566670284 0.233874885485
168.46008094 0.265942773583
169.945396435 0.329001215686
170.833891525 0.296094990325
171.612577102 0.306899176224
172.698661571 0.362668851407
173.683534871 0.310131732552
174.799575843 0.333249223124
175.625506263 0.299572782555
176.631967564 0.29628346065
177.746169898 0.346573036265
178.760307183 0.400766290739
179.557588371 0.260724759714
180.590755468 0.295551061184
181.570464667 0.28959574231
182.688954963 0.334967573712
183.59397536 0.253312294063
184.499897978 0.373801340796
185.598950558 0.211445420449
186.563910297 0.27000624654
187.576185317 0.295293515537
188.64276182 0.231615264215
189.52265856 0.275915073614
190.728519408 0.270588841802
191.553871468 0.224216217539
192.703864268 0.238142976673
193.611068811 0.277719259184
194.502096506 0.165041382168
195.609862404 0.240657744328
196.58561399 0.29676492648
197.693035579 0.259860223539
198.592070075 0.372127512138
199.664253306 0.30160014665
200.727042763 0.266275686576
201.626948851 0.31516959172
202.681318825 0.319454016305
203.633018505 0.270619120433
204.62927404 0.320862584056
205.426655206 0.30914491014
206.58171395 0.340403573564
207.436833708 0.358730150244
208.619774749 0.307027424183
209.758591668 0.338406180221
210.492858762 0.282493756057
211.43077822 0.392039635859
212.490588786 0.338181318005
213.511704619 0.351539307983
214.509228914 0.29234791163
215.398578197 0.397494224716
216.373462782 0.264443284897
217.299419092 0.355238067716
218.293586367 0.209197837954
219.273021679 0.326598568963
220.34440567 0.250196166933
221.393382665 0.330736599242
222.220225579 0.338579083629
223.340120938 0.374601720527
224.152168894 0.216934231301
225.35296045 0.356342194513
226.263933865 0.343713863819
227.177750546 0.361247297039
228.323378534 0.340419797439
229.044268963 0.404782297123
230.335276363 0.344547532689
231.077418249 0.358082144583
232.169282846 0.343936060465
233.216023864 0.407657722858
234.212125605 0.338082455576
235.172356671 0.32871426316
236.357162098 0.358392126851
237.347850255 0.337070636246
238.41356005 0.291713811482
239.170530358 0.39129327319
240.146230417 0.34760768794
241.141617271 0.364013308258
242.202160095 0.395613934203
243.189501244 0.295193617338
244.181782781 0.333736191638
245.37927151 0.18163701647
246.313123754 0.270091815837
247.13081296 0.391527103469
248.169049888 0.371950658519
249.210163635 0.360802789667
250.258096955 0.229770164282
251.240368101 0.418329845617
252.277073921 0.259699625778
253.167806937 0.301301873704
254.28537727 0.303826686363
255.13662509 0.364797583284
256.146675883 0.386845176088
257.118737191 0.342463837573
258.279433836 0.367432678995
259.053240935 0.287250076981
260.124949743 0.325058249619
260.997015388 0.317267991784
262.046273384 0.37932812614
263.081253293 0.320159787594
264.092531792 0.240507245074
265.153156375 0.185712980651
266.181924827 0.412081996485
267.040966496 0.402973878926
268.06647261 0.30913290359
268.924657466 0.291989321611
269.96514907 0.315377158449
270.889136738 0.243365729745
271.940123895 0.258849692398
272.766295553 0.346066288245
273.728964259 0.383164700367
274.722138122 0.25512644546
275.656387885 0.253960221983
276.753574841 0.294275694223
277.484498027 0.289600473459
278.638882669 0.348760336849
279.543052449 0.220668843564
280.485751903 0.210988969388
281.419926264 0.278121317835
282.35094526 0.343404889737
283.23127953 0.285846320386
284.396220243 0.308844137506
285.297091594 0.247483593011
286.18669028 0.315001494416
287.413037922 0.270594634937
288.176481256 0.208499766028
288.968267578 0.402717288119
290.073780002 0.249366455141
291.021625215 0.410364464619
291.974933351 0.308888165505
293.037527567 0.311078612993
293.876676246 0.284526175895
294.841481429 0.252722768277
295.736643045 0.241540252767
296.722707727 0.325687189202
297.774070349 0.300363001812
298.633414422 0.264279620907
299.6745145 0.297014641662
300.599497334 0.168106782517
301.408474201 0.261100631791
302.50690755 0.279867274357
303.592730773 0.28103966127
304.269771041 0.238480376112
305.592146532 0.30596882859
306.402279255 0.212284131852
307.301764634 0.237911563167
308.194054227 0.246555585621
309.186864533 0.27132669179
310.163596567 0.33780088909
311.277538424 0.234894254071
312.166003219 0.226412515275
313.160521559 0.207790896946
314.092431387 0.171626855048
315.113428828 0.281860718115
316.072608618 0.420970290401
317.203609613 0.0915933350267
317.775973112 0.264476035889
318.963088122 0.220306578803
320.047119617 0.210254942384
320.758766606 0.26413889394
321.883153687 0.34948299492
322.853236034 0.229344911367
324.012878664 0.276361463677
324.656482316 0.229315316412
325.848217954 0.31825827271
326.663225069 0.201352195953
327.792191489 0.271973081351
328.640125375 0.231852039243
329.52484251 0.257540928462
330.502305696 0.164240349033
331.420423438 0.236115837852
332.683390124 0.285169265581
333.624017729 0.16065318318
334.303706818 0.251768550765
335.444403025 0.314074306288
336.408830607 0.246793602868
337.432122003 0.138134500542
338.372969016 0.131014416208
339.308365263 0.236137609489
340.425748987 0.125966018031
341.224943361 0.275073129844
342.236924825 0.208935381839
343.207025402 0.270746086864
344.140433566 0.247407411598
345.109202864 0.3656576107
346.244307889 0.295101691091
347.143324483 0.244236836492
347.992330194 0.23666515082
349.03040905 0.247167739662
349.845474755 0.263497307759
351.012538224 0.277729927157
351.922168543 0.258578540507
352.927912369 0.22150885782
354.077580973 0.184090752417
354.837378367 0.303232642518
355.773958541 0.238750814823
356.77188304 0.140538955567
357.881119159 0.262573696465
358.59753152 0.171227144622
359.656432751 0.15121370069
360.781947627 0.260386010301
361.583161448 0.246458599668
362.484399354 0.307974082518
363.537346124 0.238680019286
364.508893956 0.259948866446
365.523194246 0.192829207695
366.449686755 0.19273698223
367.356115579 0.13117571642
368.281812078 0.224126604177
369.345844306 0.180929418034
370.326432914 0.211250759522
371.218678306 0.255951105246
372.18046651 0.205718479939
373.049801465 0.198680640137
374.167009625 0.208241740231
375.035019068 0.267535091122
375.988560208 0.187172875941
377.021952707 0.188578030023
377.657506793 0.214896243232
378.775908792 0.131076708011
379.598416015 0.234367709531
380.622123405 0.215802051444
381.713109295 0.16637414552
382.529077131 0.252801500594
383.506080324 0.20661840489
384.273086639 0.292880536595
385.483395878 0.240700408691
386.288203686 0.194441160418
387.098671206 0.243684374057
388.114571251 0.223483644082
389.035658474 0.242825629528
389.923117965 0.204793621815
390.992500475 0.146111706198
391.801851006 0.164436662459
392.646308968 0.13918200841
393.638711296 0.194753789276
394.559245652 0.146430683731
395.567442596 0.277512339842
396.305160872 0.180872753559
397.279207319 0.207707608644
398.206875138 0.244995971013
399.196416066 0.232173171327
399.903458436 0.183805421173
400.807312787 0.236505906777
401.931045408 0.119114919952
402.551214169 0.234677745549
403.60773487 0.249548637115
404.344589345 0.178064910702
405.439798599 0.227963462067
406.225200299 0.151451173157
407.262923251 0.127024252233
407.975468681 0.142283424037
409.058164589 0.163810213463
409.653382722 0.139564613257
410.65927792 0.130358912559
411.465892676 0.0690304429358
412.423802607 0.198689654746
413.052820545 0.174156772858
414.085681553 0.181621316564
414.819152111 0.24233065478
415.907495097 0.168433151057
416.703220517 0.206641247402
417.56768522 0.231570909674
418.581496136 0.159098234423
419.227246987 0.177425256867
420.3058169 0.160983045643
421.175122318 0.145656149313
421.91188416 0.134641420192
422.707765354 0.167617772484
423.447354706 0.129157099671
424.427105901 0.223295511861
425.467986538 0.108670333581
426.242519098 0.186815899606
426.864388478 0.149877937103
427.778590793 0.190085023235
428.630964815 0.0917615445365
429.533152812 0.10556598018
430.426172996 0.157420721782
431.16549655 0.181217902847
432.007664623 0.141546656099
432.783948142 0.0877097507893
433.576576014 0.203825152336
434.591174646 0.157175748605
435.200103913 0.168334698166
436.057362967 0.108704729386
437.013811965 0.220875796461
437.612426603 0.0668317926567
438.378829558 0.123749519073
439.056921715 0.0710012470505
440.301834849 0.132332138481
440.876487152 0.115838928497
441.717033048 0.0599919678033
442.386498244 0.107815941595
443.242402186 0.109804827719
444.160068902 0.0673292583865
444.811890748 0.0900252003365
445.753654998 0.0650348224324
446.697701936 0.0966470606342
447.399158213 0.17165196165
448.109483241 0.103844492592
449.128372015 0.0531606983442
449.762996887 0.193622844535
450.662952803 0.101648281775
451.54999787 0.0429924931526
452.273961986 0.052102528748
453.147785555 0.105866894075
454.126476029 0.111033992639
454.974812171 0.106614804366
455.71468094 0.0406035378013
456.570635018 0.0449526305503
457.385029311 0.141090648741
458.268160284 0.0832132252966
459.163603359 0.137890246943
460.140339004 0.187384076949
460.948502868 0.110120612276
461.834861566 0.0345360152083
462.851252489 0.0773837317202
463.611566253 0.0332514511238
464.295954037 0.132550994761
465.31377917 0.0226237898618
466.334769648 0.0923909817663
467.164861978 0.0833023076555
468.109443925 0.142220008432
469.137227599 0.162363840472
469.654384084 0.100770516027
470.847691429 0.131085826825
471.749340198 0.0331417390169
472.588899232 0.136559120549
473.321931451 0.120396083385
474.431360941 0.103492109406
475.296121594 0.0561139061272
476.199920709 0.13812938728
477.052091198 0.186214348069
477.809443902 0.0780648214548
478.963343312 0.102199628249
479.950270777 0.0310628952977
480.79250489 0.139480420358
481.774783582 0.0879098016701
482.842580085 0.138611162931
483.556264933 0.018642652874
484.403447378 0.152769823481
485.51631391 0.0263092613642
486.277472398 0.00274697362598
487.48900421 0.183529204498
488.384927242 0.127225750921
489.222766713 0.0388543259374
490.236126485 0.057110387218
491.207337176 0.098771109874
492.077540843 -0.010024177869
493.159241182 0.0574231234565
494.058185207 0.104189458495
495.008013738 0.131874008582
496.079204947 0.0374363723063
497.121013008 0.0597734891131
497.96811852 0.127110817196
498.894090305 0.125795861033
499.978345205 0.171930820735
500.945934107 0.0315805523346
501.748726139 0.12496062513
502.752641095 0.0232322998361
503.58548872 0.0387318499742
504.621853729 0.0489830647462
505.818554722 0.0238377075064
506.615262353 -0.0742268456368
507.688061747 0.0735223167636
508.6763457 -0.0196854617475
509.475867233 0.0808110003083
510.598640108 0.0299641625007
511.706336734 0.043312909092
512.291400991 0.0427133687394
513.668504133 0.0517919904727
514.540523235 0.0841771646867
515.495900395 0.102784777257
516.469844092 0.0702579085323
517.401431971 0.0426266817244
518.535083076 0.0928316402908
519.407860051 0.0882226931774
520.711562696 0.125007601165
521.57124972 0.013748068743
522.69867653 -0.0258085907711
523.537120461 0.00401067277805
524.611605517 -0.0235885192612
525.434491667 0.070868942809
526.496411347 0.13013687423
527.367868006 0.0226530350737
528.32489866 -0.0090389410598
529.476767379 -0.067741248588
530.47487341 0.0655868372797
531.485441273 0.0105044510236
532.438325176 0.0838939781436
533.358698647 0.0395031023046
534.372408228 0.0833813223378
535.548954053 0.0212962505813
