70.7738271354 0.754371452366
71.5235310711 0.761964788772
72.1414739329 0.743117483977
72.7873739379 0.779072371072
73.5554921841 0.739391564778
74.4208151029 0.821855925165
74.8701640916 0.715767959461
75.9563550597 0.77838069319
76.429179053 0.67223179448
77.28481668 0.698780294219
78.1961797621 0.737143715042
78.7927958695 0.729529487835
79.5058160835 0.635389889446
80.4901687825 0.68259477924
81.2644930809 0.620180616271
81.9394991563 0.728717620131
82.8406421044 0.593318701098
83.6031457741 0.656847392128
84.1617847218 0.663664495098
85.1399482735 0.558841482362
85.9802309933 0.555435401816
87.0331766698 0.654848952025
87.6509800349 0.621616076313
88.5988278222 0.538626610922
89.151781053 0.620871001128
90.0514569026 0.42550124546
90.9982672004 0.57704984104
91.8155026504 0.594530173971
92.7379651244 0.426036270621
93.468121078 0.611217747277
93.9470283443 0.594519517249
95.2012031101 0.508948362682
96.1078521677 0.54462809279
96.7081624801 0.455210205436
97.5032132467 0.53366577127
98.6942190515 0.560884936055
99.4711982587 0.584395104517
100.471640389 0.506517083197
101.154301473 0.575185183007
101.968362664 0.445855421033
102.955306851 0.458003588492
103.810914847 0.513816241038
104.766372387 0.564702589044
105.592499058 0.530986620769
106.372299812 0.535682928602
107.400052418 0.50585753614
108.230747587 0.595653918115
109.04029406 0.468925994387
109.892837633 0.509647612639
111.044456544 0.46901054221
111.804376276 0.415231701453
112.825236397 0.573509357069
113.580035217 0.424713393611
114.512046063 0.431544371085
115.445653956 0.484244580171
116.32812351 0.406862174477
117.235530851 0.481733228764
118.088606915 0.441153321204
118.972331071 0.513198905865
120.052906483 0.484237204843
120.962870213 0.423578219539
121.663353231 0.364347622992
122.813799703 0.383116137276
123.567482486 0.409273180201
124.617657447 0.476254973007
125.441545755 0.322775116793
126.462336046 0.398123573636
127.085142521 0.456009024364
128.236364689 0.394528754507
129.075854381 0.329697218377
129.840331684 0.387795980614
130.848712806 0.436829492331
131.680357371 0.417823708043
132.740073659 0.341055909651
133.563572438 0.411556784999
134.677079252 0.469709373133
135.465670372 0.375309038374
136.304710472 0.342842523499
137.40477932 0.347622821284
138.287875001 0.499002031284
139.275357306 0.418578153288
140.251662417 0.39275074885
141.154254005 0.229358523227
142.113105586 0.455436199637
143.103264116 0.320337410847
144.00033518 0.3521577302
144.972881262 0.306617440805
145.798655749 0.409500240155
146.800338173 0.391998813925
147.85075597 0.388435481855
148.516832872 0.372631213793
149.488791852 0.251933199582
150.471593235 0.426786492119
151.56307835 0.39825985949
152.522650686 0.231950258633
153.373296429 0.331129997297
154.374905914 0.421545536645
155.230129758 0.274060516288
156.051221473 0.388069124817
157.024729365 0.345758915118
158.238093494 0.326018120778
159.146581799 0.319228168689
160.152892983 0.291576175815
160.884360431 0.31787363973
162.014140193 0.366671675342
162.847747809 0.399876860444
163.976081187 0.353795862028
165.0479824 0.328293524193
165.731203929 0.364710164704
166.910604532 0.305040061334
167.864014906 0.268011633
168.914007691 0.317790442332
169.670381039 0.292606456891
170.738080731 0.275979958115
171.590498453 0.320380264373
172.587014741 0.288236661698
173.90460925 0.327892207204
174.606801412 0.322356483293
175.749193891 0.221855981323
176.580979741 0.301021905797
177.608548049 0.214752852101
178.762245133 0.29625820989
179.617488928 0.397447923363
180.571744648 0.312725681668
181.58316009 0.312024051175
182.411949195 0.169295339044
183.640864307 0.341274960114
184.667129034 0.234693381141
185.88828602 0.232819300713
186.676709299 0.300892691409
187.669522022 0.206272232374
188.724098138 0.341709461185
189.731842668 0.290806107087
190.489284239 0.390978670945
191.522371843 0.297671229157
192.65095785 0.310533827972
193.615145874 0.289941473949
194.577215475 0.210093076332
195.531138685 0.313638999602
196.776581116 0.300283832777
197.705169306 0.326888838923
198.492099809 0.19453313621
199.652026621 0.278507411748
200.570354977 0.338090447807
201.494715615 0.298416043435
202.610746712 0.280539612895
203.576198898 0.320263620459
204.615955249 0.291670682161
205.5846302 0.311942194927
206.536396328 0.23411371179
207.536746877 0.352327565999
208.494914268 0.289816885991
209.555935331 0.278106252329
210.548327902 0.336080566861
211.533387365 0.303375976605
212.494914916 0.356894784891
213.497185894 0.270775344672
214.425945073 0.359787931265
215.360981278 0.345662602892
216.456082481 0.344392934124
217.350871757 0.318379998091
218.383039599 0.259579051349
219.400465958 0.292998290182
220.318758027 0.216404599114
221.213355529 0.301430661642
222.200995688 0.401995426076
223.465948851 0.371413884446
224.390512025 0.395030769616
225.358688368 0.248513147143
226.366870317 0.32885795535
227.280142643 0.310714162391
228.193612212 0.389254668696
229.177221624 0.352898581462
230.251295272 0.376487489643
231.202078425 0.38756629736
232.328677442 0.359471746716
233.144889701 0.236407836875
234.106186986 0.299741178314
235.120824374 0.377279838972
236.246219771 0.229910198065
237.071698816 0.192749805529
238.022112263 0.29457259413
239.189444316 0.403649010593
240.186359058 0.227687217448
241.148356433 0.357166710912
242.227659332 0.333167884462
242.978437787 0.348697567979
244.421782127 0.354940114157
245.318568489 0.410315548456
246.189454753 0.278849133692
247.327859772 0.268525995589
248.237357632 0.328825078698
249.085680204 0.389323855021
250.230754403 0.355387740242
251.253562305 0.410298254292
252.155804229 0.474286441529
253.403074157 0.320186120644
254.126667791 0.273114196858
255.138586438 0.359053081931
256.116537833 0.332358346487
257.168819094 0.281923583074
258.315090473 0.392929297779
258.95789226 0.246387880475
260.050308511 0.301773177094
261.094813193 0.278735605011
262.29257632 0.296652014014
263.266986002 0.256669132595
264.028045259 0.295242976057
265.068463679 0.313178667262
265.936818043 0.28177179008
266.900954912 0.366611560926
267.855935723 0.30352556083
268.831024616 0.261026592821
269.923074068 0.365504249646
270.911739863 0.336422068621
271.8511534 0.207779404282
272.8715186 0.259024512101
273.640027846 0.37087621241
274.738240059 0.355840430568
275.645019769 0.340426476825
276.583623712 0.376516588424
277.751106013 0.260578598032
278.727134129 0.26284526039
279.522811405 0.263666033624
280.558846223 0.321724176425
281.371047757 0.323350075981
282.30728363 0.28705997378
283.28173197 0.237199164197
284.427373272 0.311855527473
285.340544137 0.2747046018
286.214113637 0.320716588856
287.315083888 0.301450651325
288.218419763 0.359997734913
288.940163956 0.368559171592
289.890004163 0.202171662942
290.948597672 0.195640001065
292.135191028 0.20127807901
292.964661406 0.25012406317
293.940634244 0.285492078993
294.80721662 0.212421960526
295.676838721 0.243964105623
296.674652569 0.342660325184
297.682445731 0.221198943146
298.714469129 0.221466717256
299.464966253 0.271510938798
300.701768871 0.201037848631
301.394882465 0.280057653402
302.530258172 0.323713758909
303.493762516 0.21731194752
304.560311633 0.258291647079
305.408578176 0.194519200522
306.406583628 0.220910627998
307.282299263 0.218743633625
308.409370862 0.256472111438
309.313366985 0.191760921851
310.188262264 0.259519667682
311.172541773 0.30913545448
312.245198099 0.299735224499
313.096434174 0.205360071631
314.19532241 0.247585161569
315.220280958 0.256096171446
316.279888212 0.215090934285
317.126663531 0.22911919676
317.907591859 0.269775764868
318.926547861 0.345284312978
319.870953619 0.33328574757
320.993136572 0.250120021626
321.662029018 0.247335593529
322.721267026 0.245134434555
323.9109472 0.303277174594
324.786589678 0.232616597345
325.790730399 0.240678188824
326.82335634 0.28611771616
327.413177841 0.290974390931
328.565417495 0.299846042666
329.750359076 0.273752974348
330.705065575 0.287091601546
331.635293972 0.241967652473
332.630253178 0.202790388234
333.370684586 0.180449944356
334.596062149 0.247146098024
335.427282131 0.211131500539
336.481521209 0.218965895234
337.385437824 0.278392457295
338.390085652 0.270570505603
339.250063246 0.20180742858
340.370298363 0.148894755173
341.256081701 0.232027778588
342.35299198 0.197293572326
343.121338391 0.196992682693
344.156613147 0.344755959818
345.187942466 0.281754540436
346.129692244 0.0831880108674
346.991328964 0.282576009485
348.069003506 0.239311433453
349.055998156 0.331901380963
349.776179253 0.252141833863
351.131932191 0.121497448508
351.981954466 0.288792827252
352.902744417 0.167734463045
353.883778075 0.268734822785
354.847761624 0.229296666114
355.906462981 0.217436023053
356.803381131 0.22406359339
357.703836043 0.223184758021
358.653730764 0.252416660443
359.851893476 0.237939560488
360.526190127 0.200959724447
361.588507254 0.2292711977
362.445017676 0.195985324755
363.601889905 0.207642842052
364.619113645 0.3600300606
365.670903849 0.228881180424
366.369743414 0.255435247592
367.542990392 0.293891282753
368.308536973 0.215896134351
369.295082578 0.176073959062
370.414995447 0.243227766828
371.26228706 0.23030366405
372.187911946 0.330943967966
373.276451107 0.172476654839
374.164274182 0.28661922349
374.906952611 0.225012975036
375.898928539 0.257544561643
376.913976733 0.243684479784
377.809787794 0.213900408534
378.792037744 0.246503242205
379.71318603 0.228972038792
380.833100368 0.179010945578
381.481791632 0.268286717532
382.450097607 0.213449711243
383.546411161 0.216780197157
384.39946926 0.176321459448
385.271720967 0.269706111971
386.457806839 0.168558665581
387.2119007 0.304934648683
388.050355918 0.19786407658
389.019254035 0.22441984435
389.998552036 0.254156440946
390.853898501 0.208360790187
391.797251936 0.208491945824
392.641814234 0.289221217436
393.643251165 0.240621468487
394.409042964 0.326909428024
395.408715634 0.253026450166
396.450403482 0.237710078818
397.248066914 0.140531537072
397.975374543 0.186527271569
399.040613535 0.132739152564
399.859358376 0.135296679964
400.808438067 0.0983244762704
401.892238235 0.178411898733
402.551675159 0.219832201468
403.505777721 0.151893576523
404.622967157 0.237619337209
405.353226001 0.208571063609
406.344971657 0.205847044722
406.972891131 0.0946760311539
408.016719552 0.145850092362
408.888745616 0.133482113285
409.799784321 0.146845079594
410.639845648 0.140090688186
411.55991532 0.194144636471
412.551446338 0.257245370509
413.409233623 0.219131216217
414.096417567 0.20253957334
415.108395972 0.102711543693
415.750401968 0.250526797065
416.797307171 0.180345980396
417.597735001 0.198237336252
418.204629875 0.116339713617
419.332471298 0.13403147498
420.181234575 0.0769695966006
420.96319133 0.148290439012
421.767492562 0.153378815893
422.692315677 0.124650857295
423.699371971 0.152657651698
424.537412616 0.151356264593
425.187598277 0.259444812339
426.123511104 0.108339187345
426.975396753 0.153539981824
427.881573059 0.0763470128711
428.62124527 0.151171330301
429.508296077 0.225604856028
430.429259171 0.178427196858
431.227500246 0.112756279756
431.990459363 0.138012042508
432.722134199 0.235193492519
433.548118011 0.0625942927413
434.497363503 0.154973358156
435.503892536 0.163697793832
436.02654137 0.0863716868214
436.882031189 0.145633909226
437.549215157 0.152918811065
438.451002411 0.181275487889
439.460701768 0.0904663168278
440.033819177 0.125364340402
440.856347277 0.157472902137
441.743319266 0.0750602384285
442.589833895 0.187969705623
443.330567599 0.184508407271
443.92938253 0.147671740859
445.253435134 0.0822149014038
445.849463827 0.153057519432
446.647448726 0.132391251479
447.381519952 0.15397095143
448.173703314 0.0714670414499
448.99029771 0.0811086194566
449.827192678 0.202562367397
450.772011343 0.0436088033908
451.351334215 0.100144681075
452.441543223 -0.00783192069817
453.120103028 0.169459915573
454.022189658 0.0911769559514
454.878053297 0.0774666272886
455.811462702 0.102079855862
456.842582908 0.105938722639
457.39591809 0.044870458359
458.275799225 0.0507226859222
459.260937585 0.128115584088
460.059582486 0.110177515538
460.974927773 0.141047202155
461.848019702 0.174731370239
462.469510929 0.110392410697
463.764057393 0.0606223263079
464.436360647 0.100038084011
465.29662433 0.0585850313755
466.243568303 -0.0196635701731
467.157797228 0.105570459339
467.961310752 0.144571375104
468.96980928 0.162135195425
469.76837155 0.0266729929602
470.754873859 0.119762637322
471.722298121 0.036180185783
472.475571316 0.00907854262351
473.449328744 0.0220008861952
474.481831982 0.0901804375916
475.32008461 0.0818575799927
476.252540514 0.0895080136917
477.119421688 0.108503304497
478.075567352 0.0431436105803
479.038114953 0.164488012611
480.075489148 0.104158859225
480.872512559 0.177871021911
481.816871727 0.0314273451258
482.628706366 0.169586772596
483.809386749 0.0491990332735
484.662691989 0.0734052414791
485.53801209 0.0700617080835
486.513519251 0.0753203624104
487.528138574 0.0899967105383
488.478222537 0.123196612916
489.492673417 0.133399066375
490.461295664 0.0574951726503
491.143992233 0.0719768956513
492.129324428 0.10249567368
493.189466834 0.0530352924191
494.087167022 0.0497666940352
495.0478079 0.0464174927806
495.990948915 0.117314455895
496.969911017 0.122292647638
497.841692697 0.0767990515354
498.778292085 -0.0112035217715
499.766723982 -0.01515654643
500.809189829 0.03529925017
501.861965607 -0.0558291185193
502.60151969 0.0219714171628
503.688563913 -0.0319932537045
504.865457051 0.101187512815
505.694120823 0.167303241166
506.627020853 0.0382314071145
507.751866796 0.0516490276731
508.452945862 0.111748367607
509.551811889 0.176446343046
510.665474103 0.0688609610683
511.556061268 0.0992275675081
512.557897083 0.116587947003
513.479952029 0.117739472004
514.572649938 -0.00663535683493
515.647447136 0.0579582264542
516.523337153 0.029735362437
517.553941093 0.028456075798
518.57115334 -0.00761053991161
519.512534087 0.0535641582405
520.511358649 0.0606206820665
521.568759069 0.0208228697215
522.514926524 0.08734281477
523.475688744 0.0414477132043
524.376779541 0.123608321102
525.492255843 -0.0435871946964
526.479008217 0.140910368365
527.449121933 0.123170792352
528.449024135 0.0709432021391
529.362024589 0.0149975805054
530.402945914 0.0527144293765
531.414248012 0.0154559660785
532.505983751 0.0439842227786
533.273216249 0.0839965668188
534.316456918 0.0918471090311
535.53779067 0.14898986397
