70.8341736007 0.739176957357
71.5655063921 0.718622973888
72.1350545765 0.768992235597
72.7941595644 0.84439887528
73.5909937219 0.735352514555
74.0928007917 0.747683109727
75.1309557481 0.743624635706
75.7805971255 0.765949875456
76.7063418509 0.644711558658
77.3357156039 0.792243713733
78.0921216324 0.74018000326
78.8214621794 0.649435324963
79.640737156 0.682433482246
80.5756472256 0.662797464634
81.1518974578 0.657122257904
82.0952792653 0.783934203106
82.6221374116 0.601271056926
83.7175465595 0.658003357631
84.438602399 0.694415366392
85.1980109787 0.68477427883
86.1449988408 0.653351957272
86.7062399873 0.58230766081
87.7225965814 0.609252447095
88.3010051132 0.492875272577
89.4154273713 0.532737768084
90.0077122589 0.630276060885
91.1689874771 0.556689879601
91.7492875485 0.6476121589
92.6351064552 0.583993030892
93.6457770658 0.590454161459
94.3599664837 0.512994068566
95.1297866946 0.606952042539
96.1599649054 0.459945769971
96.869923869 0.545973425939
97.6892558844 0.529104151769
98.5959100855 0.656909447783
99.3958993539 0.558170452467
100.420354756 0.488820840457
100.995166263 0.508675307554
101.952866444 0.408086294588
102.953638825 0.625126987086
103.834109704 0.502805027622
104.802669373 0.573652222951
105.45610872 0.508613401955
106.444835634 0.48078461331
107.358702644 0.525854935213
108.389272421 0.493983995912
109.13121109 0.518704538466
110.262093753 0.434663546894
110.845806111 0.479774540601
111.938374474 0.500275298861
112.75838485 0.516742900265
113.74916334 0.377975100575
114.512245792 0.439807518441
115.262436739 0.488428628554
116.215543128 0.394403541552
117.288405586 0.513695524316
118.197558407 0.492564604209
118.817188933 0.409146716596
120.094586755 0.459698474059
120.877411869 0.440540808944
121.558593805 0.437840825995
122.785134857 0.36956469848
123.50462263 0.401534204118
124.355948647 0.388219144344
125.320374239 0.376856267849
126.284371374 0.388454596351
127.257376568 0.366904944884
128.102656596 0.418077405137
128.988833356 0.414570372285
129.870178452 0.380466904584
130.960239707 0.417161332309
131.917038007 0.412911819533
132.645910475 0.332736450862
133.676833666 0.44694467228
134.806322749 0.297608815592
135.65290372 0.436995094189
136.540499912 0.319813947204
137.307374969 0.304338828579
138.33984229 0.413319737075
139.166241589 0.397750670152
140.205495496 0.319839005695
141.171377165 0.356638710151
142.093636963 0.483052233543
143.064531141 0.324100480781
143.767577012 0.278418538594
144.859088698 0.422663425273
145.831227235 0.332993237868
146.855199093 0.3246094148
147.783632527 0.272331936815
148.607131913 0.432304391472
149.445198649 0.342078930787
150.561323506 0.281780112084
151.393857606 0.298429729447
152.473817437 0.260394621385
153.377945397 0.323306089074
154.302434863 0.299512760819
155.208319919 0.344431860422
156.167444665 0.328310779213
157.293999197 0.329503713522
158.010906 0.376533637904
159.196225645 0.346779699791
159.952676129 0.393307319158
160.945266028 0.311835603394
161.874013239 0.308963548725
162.85742459 0.299411752956
163.920889689 0.290483799532
164.854077171 0.322893100179
165.847021276 0.380285554664
166.974490276 0.331717916526
167.779370062 0.316583773757
168.689873755 0.276264753833
169.748715727 0.247759439832
170.6817896 0.338109942486
171.895721604 0.204032283726
172.732166473 0.344077285422
173.689426194 0.29156515661
174.729820512 0.304083590544
175.722630469 0.300050386952
176.546407141 0.375118330759
177.653424126 0.313783035575
178.741273569 0.271590245206
179.663241163 0.360582608404
180.565516999 0.245021037176
181.662137189 0.269901542479
182.575724414 0.298131894205
183.779053251 0.232779150264
184.620991848 0.411287283228
185.43382788 0.383096847041
186.495685628 0.346770463578
187.580785554 0.212386734093
188.452462197 0.32362637533
189.765480648 0.350220036168
190.591138432 0.274197669744
191.489651621 0.263430663911
192.499969093 0.2553988324
193.586212282 0.317404778352
194.673635702 0.323661824674
195.574402108 0.373901992678
196.725780487 0.30607210272
197.538381527 0.253893456043
198.743877665 0.214495756464
199.673526033 0.277914882938
200.892181262 0.194399384949
201.596905762 0.335516333237
202.666864605 0.288381855884
203.457963643 0.274787613366
204.69699963 0.245316063839
205.646221299 0.31491873485
206.5430335 0.234670497505
207.51439202 0.23174463392
208.616736205 0.446954291015
209.531129927 0.243548925616
210.651555104 0.283556160897
211.285297652 0.324616008485
212.315362045 0.315490678614
213.734394547 0.333884701084
214.235704226 0.323400730906
215.528155734 0.307654118654
216.457356326 0.364364928463
217.327193755 0.292555606908
218.555041587 0.216112231854
219.430291683 0.237331430541
220.272191552 0.32090831202
221.138053168 0.290082677297
222.441051178 0.335894338456
223.357972942 0.30528111471
224.312644211 0.333137828526
225.391272394 0.281965479665
226.249488348 0.325469114449
227.186447326 0.35979617996
227.991683782 0.282059553794
229.332039744 0.374041548827
230.345583205 0.223059792127
231.359383715 0.34593680065
232.354119579 0.278313911441
233.20134155 0.352297884972
234.23783359 0.351521102476
235.174081571 0.298093089231
236.214605149 0.318773311874
237.178846071 0.34216894568
238.157486552 0.414852828062
239.382021231 0.310941021789
240.265216675 0.320860401287
241.245548033 0.407058055866
242.149066388 0.408073501611
243.274224546 0.278175113555
244.269211878 0.262503958866
245.389509255 0.247107130682
246.350399727 0.340723817214
247.069749698 0.290233247617
248.332858305 0.357877047929
249.167746941 0.354444108685
250.076540561 0.349101954831
251.175205428 0.330122726189
252.224856125 0.388626699757
253.167664936 0.394881782852
254.05773403 0.240266349147
255.289188692 0.429617643195
256.018145089 0.266287781564
256.963461853 0.217027878733
258.215013384 0.362901526399
259.173259654 0.306579777814
259.909690319 0.236149664096
261.164499751 0.301716512143
262.028754481 0.340875818674
263.114352893 0.377273940748
263.961463549 0.300781255455
265.127116096 0.343514543342
265.865005021 0.346800679879
266.929917991 0.229690220805
268.070433388 0.317170482579
268.945367189 0.248810493821
269.740964358 0.271497903611
270.881412206 0.291802553918
271.765208853 0.173145390331
272.868420119 0.358294509333
273.723377752 0.290314363815
274.697527586 0.223325946784
275.806754049 0.283707984845
276.503872879 0.267339762002
277.799218971 0.26048565707
278.641469976 0.303085634983
279.666204206 0.267787993639
280.417139687 0.258645508212
281.610731699 0.175332467891
282.362652639 0.322989513933
283.35641388 0.282716909303
284.202734835 0.33938974206
285.485848012 0.230075067531
286.327303132 0.353804003902
287.054882305 0.355633780378
288.009823234 0.242430861456
289.045860901 0.243847058983
289.953414159 0.32054816968
291.004556037 0.226649715692
292.068207606 0.173265288203
292.89619107 0.184790500115
293.733267253 0.137755189956
294.904181082 0.174363666519
295.739143446 0.177917782442
296.815897135 0.313773409527
297.736013261 0.253132404499
298.76157151 0.265516079888
299.646254098 0.202235516537
300.354711283 0.318758379677
301.587691012 0.270890927402
302.358589701 0.292617137881
303.258789423 0.190802394303
304.471112972 0.265853964177
305.485879498 0.271208494068
306.514627692 0.259276034326
307.339473908 0.225494229731
308.311113903 0.250478771879
309.312072883 0.280207010048
310.389822262 0.23977098229
311.334119629 0.216074420277
312.19845329 0.225703901593
313.033270064 0.304621047893
314.017238263 0.226439416636
315.269431811 0.202338936729
316.063755556 0.288638449359
316.862482045 0.191854168286
317.864177718 0.415110475704
319.0570693 0.293882635433
319.97420083 0.284229860596
320.88657692 0.21407117228
321.891518834 0.201421505843
322.837808878 0.185863894038
323.742466663 0.25352763885
324.784320458 0.264670760573
325.568354381 0.309412741893
326.628104144 0.235860335992
327.793368051 0.109339773471
328.543104073 0.186729519553
329.704006992 0.337008365704
330.478355497 0.304940130139
331.441424142 0.181161722351
332.402152025 0.222227328022
333.293933767 0.181768358027
334.433868126 0.221422254596
335.428500443 0.263015105703
336.405486048 0.355394639702
337.346354894 0.382032603492
338.439179166 0.093097165585
339.317622377 0.194430352765
340.420097454 0.308556091789
341.411177481 0.214980430643
342.254520745 0.226005531914
343.373322068 0.283209703483
344.117259262 0.237662722291
345.022320522 0.202449391951
346.056306229 0.173535607315
347.068853815 0.306315189366
348.103595462 0.214357473387
349.006976978 0.184408761218
350.003646649 0.182195828156
350.995706444 0.180677918045
352.076017055 0.30343401855
352.93495746 0.233502337883
353.879800761 0.195952844951
354.792448811 0.195797141586
355.809391184 0.269029935449
356.871236188 0.244768487795
357.974183124 0.193495285076
358.784371798 0.291769930334
359.752155458 0.244783347073
360.578068242 0.182740360339
361.696213756 0.219751299436
362.534166996 0.25187957903
363.689033475 0.184790986415
364.699840173 0.236154697416
365.605114016 0.213995885554
366.399399307 0.128357796642
367.448736758 0.218106546009
368.384678612 0.149137332144
369.422815176 0.169161720634
370.293552479 0.224003202571
371.33680805 0.350474982838
372.187568009 0.158537302306
373.021902229 0.223049710225
373.953520282 0.253975423737
375.024456387 0.225019385587
376.032104561 0.23759744539
376.970187137 0.219676972774
377.864180371 0.175664410483
378.879283094 0.135555269382
379.714972792 0.196188867343
380.54975934 0.25213957121
381.674687567 0.182982721365
382.435007412 0.249832307861
383.530546736 0.180719603219
384.47175105 0.213073260555
385.341042007 0.155460382501
386.378762842 0.231637351124
387.3561888 0.227295025697
388.058905122 0.18724499988
388.955758279 0.159650754886
389.810794341 0.259095679312
390.931004148 0.190795623822
391.729238474 0.274810750313
392.673964657 0.127192278856
393.593757298 0.197909778854
394.451821016 0.17258130669
395.465278631 0.178623883649
396.297330944 0.171364472037
397.42955111 0.250313540504
398.285829918 0.156676799975
398.929800204 0.196118551658
400.139947495 0.218162444853
400.798147978 0.220875665663
401.67675395 0.176465177091
402.531528788 0.189324003853
403.641735038 0.186780449435
404.601620871 0.24753840208
405.171351458 0.203773327567
406.250997676 0.162606576549
406.927430031 0.212609260715
408.036459546 0.15330300487
408.729625298 0.161637560495
409.88038881 0.215972356878
410.613116562 0.192247670127
411.386349188 0.117991851591
412.431230512 0.248565211766
413.174907172 0.184509162083
414.06887987 0.191345426167
414.792032118 0.13746913278
415.865882814 0.205024121526
416.896425228 0.164156735399
417.649485875 0.210653559037
418.326175237 0.239436561677
419.45007678 0.173299225734
420.238481497 0.205682535522
421.007978325 0.210825239057
421.67629718 0.16364424888
423.036632626 0.0827416468488
423.531677124 0.205442775615
424.614703214 0.144831992221
425.50457646 0.0663546685218
425.95872948 0.159562668779
426.881971457 0.119078940097
427.807329387 0.156972955688
428.719024087 0.177548085224
429.283117811 0.0786506806496
430.392691392 0.161383610783
431.312077866 0.215294937045
431.890943431 0.105519623524
432.814905534 0.119685933124
433.594778695 0.0982985572103
434.427808312 0.0766333780989
435.22271741 0.0808593772048
436.284282252 0.246223974927
437.010880411 0.0912613400715
437.736660976 0.0332390536676
438.44623421 0.0776846086671
439.341818235 0.0917357670298
440.284769385 0.106258427063
441.099894577 0.164227091254
441.749620413 0.0527071026202
442.662818184 0.157963636231
443.367779157 0.0995588956943
444.163535339 0.101951828162
444.908601647 0.160782579831
445.847268592 0.154738583133
446.603652744 0.0752923922058
447.216073117 0.194018815112
448.061341031 0.102281161497
448.939261593 0.187565254645
449.829678276 0.177824735656
450.644463083 0.118833912782
451.554547064 0.112100733909
452.344174053 0.114944375823
453.360947835 0.0576078695081
454.057426853 0.06838411507
455.028909041 0.00262570016266
455.759437853 0.0927853704748
456.628831108 0.150911686694
457.402540849 0.0835341274543
458.306671344 0.161813355697
459.376275127 0.043439549163
460.033155735 0.0254810809263
460.967679001 0.110237977822
461.865117348 -0.00389386963109
462.716797452 0.151105499827
463.642464235 0.11981202114
464.630071143 0.15391249475
465.422160134 0.171855446046
466.422577985 0.180201134302
467.137263223 0.117002283993
468.143747171 0.133829579706
469.024852221 0.121601562288
469.709592234 0.100704693395
470.721434176 0.165332516993
471.851523675 0.0241523981559
472.551523465 0.0924500476588
473.507588936 0.0733910160299
474.503030897 0.0478012266576
475.36947703 0.112858577785
476.235974135 0.0222848502485
477.154689524 0.109912408916
478.019497981 0.0782226378632
479.018551115 0.0437928099552
479.788526445 0.104333481434
480.594492832 0.0755135664985
481.689826086 0.0728100586562
482.660341559 0.155767501199
483.691812886 0.114776687406
484.590471859 0.104400384846
485.494120325 0.072814751226
486.527060678 0.103665185652
487.454038407 0.0394048940351
488.270489229 0.0151377342084
489.470009167 -0.0102967887685
490.188821995 0.126207396087
491.189059213 0.0777103521078
492.090103897 0.134747802278
493.112376179 0.102735212506
494.12654939 0.104090041116
495.084323129 0.0348109992687
495.881253909 0.0618321629437
496.927708962 -0.00232470281819
497.937163374 0.0635514121723
498.877009324 0.0547785812754
499.911705174 0.0949072340352
501.022869379 0.127115683692
501.640179921 0.176472296077
502.917501918 0.051245605886
503.74149687 0.0850758151276
504.784247764 -0.0185385896914
505.755050866 0.0972758993692
506.82371042 0.0623524195709
507.692202669 0.0989905027365
508.444277993 0.0294469803747
509.68845018 0.104153080571
510.621931353 0.0671938786455
511.526181388 0.00774985865885
512.539793023 0.0750955005926
513.63534364 0.0953768180893
514.587375885 0.136015528691
515.572994857 0.0150971883
516.501117342 0.210312239775
517.490968795 -0.00852305455449
518.463703361 0.0583093395508
519.434092307 0.0534697221819
520.491599585 0.113439712771
521.472915 0.0458057636437
522.599766051 0.166483868267
523.335073742 0.0460422656586
524.534196432 0.0436962485528
525.45720594 -0.00905283216581
526.542980656 -0.0302170733506
527.486826228 0.0588245125578
528.338357303 0.0535129377425
529.436503598 0.0944954435638
530.365972395 0.0420583073963
531.452447567 0.0908714126615
532.46947428 -0.00771482263144
533.380303224 -0.0193740254116
534.437221322 -0.00464543266562
535.345128698 0.14209719949
