70.8992806685 0.809205567302
71.4920237975 0.608569026497
72.2486381131 0.754448187318
72.9362361116 0.776426519223
73.5589003752 0.797632226467
74.3376887299 0.793296857117
75.1924825164 0.765244229326
75.9513361776 0.717595007516
76.6469889754 0.686961198251
77.4693264864 0.70205861093
78.2153853077 0.694021627043
78.8972706353 0.652786999049
79.7148323165 0.744313336116
80.6146928243 0.665067048923
81.3482940735 0.609274086324
81.8027010367 0.598565213274
82.7834029501 0.670818166573
83.5756714491 0.630800142085
84.2742482783 0.564704088889
85.0750977413 0.624864645359
85.9724984221 0.582526963143
86.8037017414 0.50584766744
87.5906701515 0.613510384042
88.4665423857 0.60112261148
89.1991862961 0.624666270948
90.1572912431 0.591541653991
91.0312914372 0.566563967732
91.912467116 0.569061203989
92.8323528266 0.551561339649
93.4438752266 0.556026289908
94.3623435149 0.499463229147
95.2205453253 0.618542164542
96.1899076723 0.605435603265
96.8956163714 0.483412961864
97.6334297551 0.561435934542
98.5714387866 0.511214270546
99.4990587534 0.548136516747
100.398396888 0.529685302169
101.232203231 0.507876022863
102.058035654 0.457906956792
102.930767068 0.510862108878
103.812611353 0.444844462531
104.872392758 0.578127354533
105.578707009 0.513377675001
106.477703686 0.489811166325
107.411795553 0.490576109858
108.165643471 0.402236938014
109.095551024 0.476989897683
110.083388125 0.447154646073
111.088005912 0.536713296263
111.936060003 0.403256779563
112.705823036 0.48441107378
113.711228211 0.546975161573
114.623181198 0.446194967304
115.337208678 0.562153640377
116.12980368 0.44996936676
117.314280346 0.561151044781
118.051898177 0.371814864189
119.05037905 0.436483139415
120.001957025 0.393010859442
120.752775898 0.430393478473
121.758936492 0.470458020767
122.721079762 0.427875997067
123.455336885 0.395459972068
124.529213079 0.387407317341
125.343541556 0.521396585609
126.531208471 0.429426345643
127.343489696 0.475422997931
128.087233154 0.448324165317
129.025012512 0.471171791193
129.959622133 0.444281474454
131.11402429 0.431565820223
131.868897205 0.316866500163
132.812339415 0.483710092873
133.750339795 0.365877429239
134.646231037 0.33734779746
135.52929696 0.332447872293
136.352665764 0.408407831489
137.535378758 0.363564716878
138.301585588 0.438565877288
139.317513164 0.392356296305
140.181931026 0.362671518433
141.00879933 0.334870859932
142.020663779 0.480329640422
143.009027102 0.303827034122
144.043951751 0.287946581267
144.826216898 0.288440480094
145.896659568 0.367778773926
147.096249589 0.289165412203
147.733828651 0.43233861466
148.741014888 0.275514360878
149.675529561 0.328419086145
150.477759354 0.255884625102
151.437610237 0.276265848248
152.371330902 0.30011325637
153.421795192 0.341337178894
154.180586785 0.251592932632
155.43384987 0.299297047649
156.2445628 0.389535574695
157.16503589 0.207036383671
157.9809092 0.285569770898
159.137785529 0.274383578961
159.985450899 0.255620224938
160.804288493 0.289403611588
162.109462734 0.183795760505
162.957056266 0.328140372021
163.906839757 0.330269964939
164.754866226 0.267616194451
165.736098146 0.29829363466
166.849347858 0.345792137159
167.704690844 0.262097875394
168.63393439 0.448571652374
169.673066224 0.234116917026
170.600720709 0.216706621893
171.805482557 0.298150105271
172.772033664 0.370245358431
173.751716247 0.35345069191
174.680363804 0.220865280654
175.511674874 0.290706267049
176.643975883 0.269068815221
177.7203402 0.251301363213
178.635499202 0.221449806383
179.466240807 0.242388470024
180.815308167 0.266716803526
181.69860281 0.20881153219
182.716796133 0.301341689033
183.541348178 0.289420274317
184.373234579 0.274856851866
185.487359863 0.266976740804
186.606083268 0.318627776501
187.77710401 0.220866079518
188.524147566 0.265335614239
189.291196236 0.22495304877
190.681829173 0.264826612097
191.43906272 0.234523148359
192.567101732 0.325630156542
193.540317824 0.359570956814
194.477390939 0.265774444521
195.522474421 0.289891236804
196.650684042 0.28410642742
197.734046245 0.316717862397
198.446680732 0.356817806859
199.541672578 0.36517971776
200.608171095 0.276471426605
201.664285068 0.285422509034
202.498863347 0.3681493491
203.604932622 0.190639214765
204.300533726 0.329526811119
205.708986692 0.255099424552
206.609750343 0.261576323496
207.680901735 0.276558619259
208.518395316 0.259881484629
209.598512783 0.295605993912
210.697848003 0.271043743989
211.569824726 0.279879134292
212.403190459 0.296507805365
213.615890343 0.289045863787
214.318009207 0.280941499881
215.301681749 0.25555480358
216.225270292 0.43083326926
217.350433097 0.279188508372
218.322607495 0.270339366646
219.369479049 0.352865432974
220.348113375 0.307151527906
221.158238761 0.386174308314
222.317294281 0.253505753258
223.331920068 0.325687699355
224.320221619 0.317877723591
225.250115076 0.379159973653
226.066078656 0.303894175657
227.126311063 0.256410251994
228.255898863 0.334996391912
229.239155796 0.262435486237
230.356891249 0.256673346437
231.127095408 0.393324771824
232.169132142 0.275665931328
233.049012607 0.298715663925
234.248085694 0.261024451989
235.169666892 0.377104162109
236.302894486 0.327612038731
237.316834274 0.346398623678
238.141382473 0.276969629785
239.296980262 0.404270711881
240.092736808 0.301842886453
241.237075126 0.355019948169
242.213024582 0.262466468285
243.1103536 0.322586280433
244.169288199 0.416778706604
244.999355153 0.244018566488
246.384352665 0.311981163096
247.208611343 0.318955934972
248.114044501 0.373094334643
249.357955005 0.291131801773
250.31779632 0.289699908677
251.196063433 0.21945745475
252.157125043 0.304649628369
253.099806875 0.293229791095
254.255417741 0.348010440192
255.106737921 0.303437149636
256.187851995 0.290339371483
257.124088745 0.297090465184
258.121104885 0.333862390528
259.227680563 0.281928363579
260.149835496 0.351890176189
261.034211113 0.327042962271
262.076664213 0.224877949435
263.052513266 0.304181182713
264.02360034 0.24632873578
265.064752966 0.272410075129
266.106903714 0.271211747611
267.009184605 0.239671956987
268.100539839 0.309233362617
269.032916605 0.380670994472
269.856581308 0.344246493496
271.032709314 0.360632943857
271.912881978 0.239883798096
272.676094463 0.225798368371
273.6737992 0.370304310558
274.680299115 0.414752200002
275.668106675 0.219502816887
276.537569517 0.29270678566
277.456474842 0.368118439716
278.419835415 0.312394507435
279.3414242 0.320015837912
280.438922367 0.222764807664
281.520569983 0.416477262021
282.231809831 0.367146162808
283.419569287 0.150214346461
284.252051689 0.23640957195
285.274717085 0.34994710185
286.211066324 0.296650290549
287.151537613 0.27281304981
288.111548881 0.350692464934
288.99573558 0.303580731126
289.998020859 0.284838794874
291.151700845 0.288589051728
291.928756425 0.289393053838
292.956450526 0.253486174512
293.763308851 0.295001852515
294.796081359 0.359369851561
295.899003908 0.345580645789
296.843872903 0.350849586487
297.737644819 0.359720221839
298.699893413 0.301659377344
299.614283605 0.254463862898
300.457320634 0.329707990496
301.499042752 0.167863605891
302.44328467 0.321848351674
303.664629453 0.27278329171
304.573626467 0.332338813994
305.374920074 0.185452106408
306.379021764 0.174466409122
307.473345395 0.30483145308
308.186809318 0.286428710791
309.304105067 0.251372868218
310.330538801 0.2353604367
311.214615673 0.324483798983
312.141804028 0.250378278826
313.181491336 0.230492373031
314.126690499 0.221174122057
315.240176176 0.232452919499
316.012011304 0.283775681774
317.01468755 0.201558699517
317.976330116 0.262932135065
318.981756483 0.235866917779
319.941841326 0.217266944005
320.887803621 0.186156285537
321.802802181 0.266852250786
322.719114463 0.209297438722
324.026910721 0.273205245724
324.733523193 0.210716856625
325.64567473 0.304437273055
326.743488303 0.262497772895
327.55530172 0.205276482796
328.724456102 0.215162424958
329.558447903 0.308781094717
330.4828673 0.180246131954
331.516310462 0.207845192027
332.453671585 0.208830726627
333.507845146 0.287846582294
334.625769708 0.285180775706
335.4109772 0.288330786102
336.46623664 0.262164467761
337.293613703 0.260473413901
338.509500842 0.247366817344
339.428805807 0.241464009647
340.174870705 0.236122886099
341.166847528 0.226817142668
342.417959674 0.217799279333
343.237279717 0.196969551819
344.234185224 0.224898533108
345.061106814 0.251932045294
346.219337218 0.261366553124
346.949753963 0.218979562376
347.921120203 0.188140013079
349.188689504 0.238849932236
349.893918635 0.347975925054
350.970004996 0.230385079137
351.695811397 0.295759338469
352.927805815 0.25431067585
354.123038852 0.182281272363
355.04115472 0.207766871903
355.88192442 0.232922205458
356.893211247 0.256143777232
357.764356105 0.234193045933
358.652667357 0.217167131993
359.645050312 0.162400312437
360.653376661 0.307319542865
361.75006356 0.345426112957
362.909986233 0.237915564734
363.486187319 0.165425739883
364.578069908 0.226135856165
365.522211955 0.143862770577
366.312476453 0.288640124604
367.397649575 0.260323751611
368.58776177 0.250496772972
369.268167539 0.328663355953
370.413993639 0.239659407695
371.114541884 0.269119829155
372.237664768 0.237348766078
373.066412105 0.197962753248
373.99999168 0.263045165141
375.207090589 0.221463460399
376.082107773 0.116517429075
376.904211256 0.221656992028
377.718694903 0.119900051525
378.713054454 0.269580567514
379.57938527 0.0854562592984
380.761265081 0.219139912855
381.64602082 0.217716377907
382.492008792 0.166656885959
383.509568656 0.0900630337541
384.366269412 0.136343060644
385.374558041 0.204447787588
386.116357753 0.125128848409
387.179543186 0.187585971326
387.937011896 0.198841892465
388.980139645 0.210603170609
389.894870461 0.228627964165
390.829232968 0.224807047225
391.924943902 0.276123054608
392.65026568 0.196818329092
393.700558788 0.227414081256
394.567878863 0.198345409177
395.629278025 0.0631359873862
396.464966398 0.255393011161
397.049848795 0.269335252688
398.193471496 0.135260633195
399.083465198 0.208292650721
400.024288527 0.350359435455
400.961345596 0.254603414887
401.695282459 0.227756207176
402.761268764 0.152785937494
403.502487119 0.263985092836
404.523325533 0.15699928121
405.30290138 0.155599939136
406.195176638 0.163775909204
407.004150953 0.107277202617
408.042621429 0.295408750884
408.930974136 0.212467401066
409.826427636 0.137391452665
410.59769775 0.100496519338
411.439650541 0.216081239507
412.350536668 0.211203004131
413.240283665 0.18151561369
414.003037832 0.166324438772
415.098911603 0.0768160988686
416.014489638 0.169099294282
416.771830478 0.17727082884
417.530069057 0.23383696194
418.442953681 0.170617207922
419.48084397 0.174934146419
420.240574586 0.207556369736
420.929400418 0.049974811043
421.925871415 0.197010783413
422.735757022 0.0770686919945
423.594902868 0.0941706957461
424.423101525 0.173794536683
425.178104688 0.189131739551
426.070434889 0.125063299037
427.071986558 0.180033062504
427.671589061 0.0966486224938
428.785167551 0.157804074529
429.52794856 0.178648413086
430.356477062 0.0824992295727
431.158252482 0.121152377281
431.948731748 0.114085124516
432.737534572 0.234805458141
433.635013101 0.0983009689154
434.458061425 0.0745810191264
435.303001847 0.159726106691
435.950812245 0.172349304192
436.731282473 0.233830119689
437.555747668 0.103589446757
438.441968096 0.161729093272
439.30279166 0.210765305607
440.183661225 0.084533245219
441.051599611 0.149921934149
441.621978296 0.126088338004
442.434887104 0.0597820147788
443.093463957 0.0315766986832
444.182339304 0.0666258351581
444.9485065 0.140443075588
445.62192558 0.187436278639
446.666666364 0.124740566952
447.437881851 0.137895230512
448.136594104 0.0997674051091
449.13251161 0.145430882535
449.782995665 0.166735509138
450.656311594 0.131669030071
451.579916956 0.164057125809
452.242940208 0.139914965709
453.325570016 0.0642257311558
454.045073443 0.19261208754
454.995192833 0.0485511136998
455.7941954 0.0110973428109
456.559223134 0.0650973655675
457.344024236 0.122119080962
458.328318936 0.0806550347312
459.33106994 0.0418924526056
460.101884366 0.169163948204
460.952090152 0.0903635791495
461.712825398 0.0626391010879
462.772756438 0.0461860853279
463.589066944 0.0575148463409
464.423943422 0.0760042837186
465.448091192 0.129176215171
466.063566035 0.105603609029
467.228560297 0.0296078582014
468.020377384 0.00802730246836
468.910458479 0.033486902051
469.787365997 0.0765488624873
470.780467095 0.0957057336757
471.812109344 0.0342373482257
472.444531102 0.0362494891562
473.519077418 0.0642749071416
474.282237666 0.11122727538
475.307248975 0.0245017125052
476.147094668 0.0843169776964
477.300774279 0.119399446203
478.165396787 0.185197326461
479.129450253 0.0840319403927
479.924613777 0.128234212451
480.917865676 0.017239083495
481.703844538 0.102337682349
482.737370365 0.106058850547
483.65017127 0.132678529221
484.527236405 0.0788661865918
485.624617937 0.13338867649
486.524830554 0.0559530609983
487.382561194 0.16278338545
488.318170375 0.048061320141
489.182553741 0.104914282895
490.128438872 0.170299295763
491.338749314 0.0775120188491
492.106337485 0.108971529095
493.190086009 0.174108773546
494.164517827 0.0527014201161
494.88979246 0.067142176435
496.036984865 0.018009889994
497.11569367 0.0314196212425
497.949526276 0.0931032829824
498.946275908 0.097562551806
499.69406894 -0.0300682322318
500.725683519 0.0116690850507
501.892262399 0.0943588746841
502.70639052 0.192347519376
503.689800637 0.0557549895415
504.822326319 0.0260197309335
505.649974057 0.130632083321
506.581259296 0.0356469746559
507.506829729 0.0740749576428
508.539282313 0.0443527302301
509.742186461 0.101047953458
510.534468466 0.0591894640941
511.579234257 -0.0313555465054
512.56124538 0.0815215137176
513.458904681 0.0720694772205
514.47712901 -0.0693054100818
515.329679351 0.0176698299819
516.612345804 0.0114973021586
517.550756196 0.00182752123138
518.421129658 0.102438187623
519.534885958 0.0570102171835
520.334096942 -0.0275736125782
521.455754702 -0.0714531172225
522.355227495 0.0821214102676
523.365023847 0.0722049501541
524.308235536 -0.0205665839548
525.373350821 0.0561681044004
526.367658455 0.0660959390308
527.388818779 0.0337237839216
528.427170461 0.0739374733945
529.428499466 0.0338167341984
530.389410551 0.0904098247803
531.273039279 0.0846267188821
532.286908935 0.018287001301
533.439661317 0.0828542147976
534.353477886 0.0639916687285
535.359021981 0.11883707631
