70.75257192 0.823530572822
71.3894122484 0.814908895548
72.0144958482 0.633138811329
73.0645145208 0.782043032219
73.709670445 0.734696297571
74.4430419743 0.694704731227
75.0721550558 0.800092203621
76.0298682901 0.760775935418
76.758402634 0.843354458288
77.2370541407 0.57315969659
78.0777802699 0.660140635183
78.893060163 0.678659057394
79.8771017034 0.746627205538
80.4641117777 0.645264995109
81.3872870912 0.596131279362
82.1068938536 0.720884765219
82.7922785784 0.679847772451
83.6045507494 0.545167198521
84.4881160156 0.552088951213
85.136161234 0.576913594671
85.9952315997 0.642648964088
86.7246504406 0.630419229826
87.6057936415 0.61470883931
88.3641467446 0.621289799419
89.1820819856 0.582937649686
90.2992513527 0.561657408423
91.0210645727 0.597896749897
91.9174292459 0.632048679404
92.5967632111 0.516447750389
93.3956362685 0.492068773742
94.2950512684 0.522862554819
95.0123872073 0.536665928268
96.0981066769 0.562964785055
97.0476934382 0.614988020272
97.6398641296 0.553652937054
98.6004950961 0.535299110949
99.5443453525 0.506759624702
100.378939469 0.432610914203
101.111483194 0.545309145449
102.044417174 0.526140669303
102.773176871 0.515470201521
103.779261235 0.475262193034
104.707414322 0.398810696872
105.680333855 0.492000658064
106.444371541 0.586405312969
107.32880317 0.496992327172
108.167098695 0.459211659219
109.192402557 0.586447042678
110.012155151 0.414143175198
110.955024634 0.475858778358
111.913988766 0.473238667646
112.480970987 0.389383932196
113.623211267 0.491322549659
114.572502211 0.357336742212
115.34212664 0.375417620135
116.280389006 0.488309694076
117.125923282 0.369415792475
118.128603015 0.440819269226
119.127924837 0.437398563954
119.938888749 0.424780706151
120.887823617 0.431199788502
121.605168033 0.418033408711
122.73175761 0.508181678616
123.693088723 0.42277241281
124.535615837 0.469305674201
125.34759923 0.479723833644
126.219583739 0.491333640259
127.242745166 0.474082795038
128.065779258 0.395305191175
129.122136435 0.35308772067
129.946665651 0.50622913194
131.022286719 0.440592292021
131.965121622 0.404898933532
132.647353968 0.408975889197
133.73583403 0.38380453
134.508886029 0.337183075578
135.76852962 0.311453440993
136.509677505 0.39654737513
137.334320238 0.32354138255
138.263177416 0.326328524694
139.276234567 0.363400207404
140.275599937 0.410831679043
141.174374992 0.349533466457
142.178525695 0.366391693517
143.083936332 0.409816568135
144.016684438 0.368304630756
144.987380858 0.256261237984
145.939263339 0.335430651381
146.9530749 0.362745487735
147.708381192 0.388938086901
148.588363511 0.361881258194
149.690012487 0.419993906842
150.568883911 0.407974529328
151.447415056 0.319394908264
152.412772125 0.408561554423
153.288090271 0.334498314462
154.260421253 0.317458843556
155.164394257 0.407600046211
156.348929771 0.284460499852
157.184122125 0.380384187887
158.141413229 0.2800464543
159.152704037 0.223730787817
160.035895021 0.27736281775
160.818627835 0.316466948406
161.954868566 0.263446828069
162.971329809 0.273245208021
164.075002738 0.334825964743
164.801319101 0.276908904526
165.776416596 0.394336129463
166.773726991 0.349091666463
167.844172822 0.260572651081
168.756506144 0.402387359315
169.634364798 0.210157598797
170.854307347 0.365304623094
171.693759786 0.291031706697
172.757527972 0.331883929833
173.467643694 0.25233873269
174.593838758 0.267131954874
175.557021876 0.218792417482
176.678374126 0.329288153018
177.804756592 0.340722706365
178.641556971 0.30058074626
179.515016008 0.360017478328
180.724513391 0.261739302538
181.661491895 0.291126200812
182.723491781 0.2400690214
183.678565748 0.347664640684
184.700852275 0.279681063655
185.542133605 0.287732713117
186.789044277 0.27256393702
187.681484212 0.307162030198
188.609719592 0.316301829892
189.483408665 0.154808449766
190.416029874 0.292432374684
191.676566084 0.265122269125
192.529822526 0.318500700812
193.578575148 0.247771100496
194.759850047 0.254302372042
195.351317513 0.319519644168
196.438913088 0.374201301243
197.676440287 0.327106550314
198.577571921 0.341125284374
199.665726256 0.301372980523
200.622765345 0.275798084396
201.437992863 0.245994301644
202.473344 0.261245004354
203.543827698 0.235385428856
204.656266479 0.380724234022
205.524019124 0.319059859364
206.703846398 0.363157842687
207.569037225 0.30388704265
208.49507153 0.241000578897
209.651148038 0.335039171534
210.374930743 0.315080188648
211.655344463 0.308118482961
212.598153916 0.293879055693
213.386476115 0.293787815766
214.509953591 0.345578845259
215.373704696 0.314379565293
216.405111746 0.310889977864
217.471477102 0.293944160439
218.435606983 0.322516416722
219.30403048 0.287149976686
220.440492563 0.259325306334
221.252474037 0.37718757108
222.309293615 0.243196903921
223.256318445 0.388851960248
224.156345931 0.274963876446
225.216647614 0.252336904714
226.199940564 0.310239458088
227.275406209 0.393892868038
228.20465561 0.301707830302
229.16034024 0.35143412447
230.199247636 0.282350913625
231.142610998 0.252261361638
232.150931177 0.379278458596
233.295329873 0.263426782711
234.250125678 0.370671768376
235.191038836 0.173396375394
236.322141687 0.306345547951
237.308378562 0.269248924201
238.211394016 0.371920050872
239.064407947 0.224445471895
240.244291135 0.311695653625
241.361310277 0.323770599883
242.379563089 0.351032552943
243.300902221 0.306589486755
244.211888914 0.298999777559
245.2101003 0.336028846365
246.108143005 0.238708298413
247.223402547 0.22749401409
248.272179191 0.216804288412
249.381146241 0.317595248641
250.334689506 0.262261337542
251.16434529 0.358561961888
252.229767316 0.33786416213
253.184156848 0.270435328464
254.137234998 0.328358885207
255.168817958 0.366711860794
256.156874891 0.29796007653
257.244513695 0.331643821542
258.111653108 0.349138072337
259.120698714 0.279981614521
260.011595474 0.330430768542
261.334969385 0.352204452628
262.034483644 0.266688213956
262.938438254 0.378551776491
264.096137091 0.209297364368
264.936442118 0.353272117734
265.872597837 0.246341758824
267.053375362 0.283615584657
268.158612396 0.396340514569
268.856467654 0.280736941922
269.838697837 0.326214773344
270.944604022 0.257846703677
271.772572844 0.277632890265
272.842287782 0.253766478085
273.666205524 0.303394461153
274.679733313 0.263435027518
275.588072856 0.336510161661
276.642873976 0.281343908836
277.567682935 0.260336144814
278.672463751 0.406144119382
279.433680821 0.282793616822
280.616274707 0.285407550367
281.329154481 0.419415161615
282.516448423 0.250468612024
283.244135548 0.370866297296
284.254438894 0.342529287218
285.271399858 0.284529392584
286.062718359 0.323126168476
287.324239104 0.360693024329
287.996865343 0.361399489275
289.102718755 0.32616119262
290.099135599 0.317644548395
290.951967398 0.244801123774
291.947944785 0.268670431189
292.897141265 0.380916807658
293.770886875 0.254136384292
294.786981855 0.271265017173
295.836890017 0.479600106172
296.82451198 0.187130333828
297.770703645 0.257745750048
298.930527741 0.348039761567
299.666971544 0.283186073717
300.416714706 0.249889093748
301.612171674 0.372124070978
302.530074422 0.159407294657
303.575699874 0.322298820054
304.587916902 0.256421474083
305.408300113 0.375100233739
306.433308949 0.318317251886
307.3759515 0.256307381151
308.536024345 0.357243180155
309.40930399 0.249672693293
310.222989663 0.205697860771
311.226148276 0.31832319922
312.201135328 0.253157749
313.017500806 0.262313828692
314.28925078 0.237619065698
315.187034899 0.270004685571
316.126720076 0.271919614634
317.216568468 0.228172542063
317.880301216 0.328371401764
319.066354491 0.318179094901
320.05547043 0.346529325436
320.890508292 0.315054504045
321.562042489 0.24753645732
322.876624817 0.185744015254
324.024114442 0.326098265326
324.739138776 0.240655812093
325.775280132 0.231545813982
326.575688989 0.276705624425
327.806721847 0.233023933766
328.771769734 0.226838327017
329.669810455 0.194597555227
330.615780497 0.189988941189
331.373878803 0.214346125197
332.632578988 0.298560641546
333.578784738 0.169299450856
334.360885951 0.32091753822
335.392112821 0.254616576007
336.511401463 0.288484932985
337.233089886 0.2321025169
338.457137485 0.24063928034
339.272779815 0.130654594973
340.229554781 0.223463360101
341.398086229 0.179402589757
342.244941345 0.265235139879
343.212938253 0.27576465723
344.046700429 0.2139974539
345.052628189 0.190098492346
346.140154707 0.192923086673
347.177479666 0.328683098359
348.019954503 0.22219580976
349.066835057 0.230107956763
349.95129382 0.190982619666
351.093756834 0.178757439175
351.991930726 0.275845925635
352.953712418 0.193785949851
353.907881216 0.26524955726
354.846318017 0.254855074984
355.75224736 0.228935109145
356.732079601 0.200143337714
357.850945336 0.115617036361
358.759415486 0.165449136242
359.78846192 0.28250590996
360.699237178 0.300772275852
361.603064789 0.281999038522
362.44999488 0.186478830829
363.410142356 0.27987575338
364.584838147 0.195109927356
365.458080075 0.155905976014
366.586067837 0.179949948277
367.419078939 0.182943314669
368.387126865 0.199946549865
369.394284965 0.219382531509
370.271280772 0.25413947619
371.255511058 0.221378190055
372.103214475 0.178778087496
373.211892978 0.240238395414
374.114275135 0.178115963554
374.974291167 0.251393820467
375.866761367 0.183393488904
377.034415183 0.338970406347
377.878419918 0.307441912796
378.699315561 0.239872903129
379.550052167 0.296690427221
380.530720764 0.327521674674
381.582075395 0.192523305975
382.632920935 0.225013450406
383.527465873 0.264166248655
384.499758588 0.170460362449
385.276393534 0.250993610209
386.30081482 0.11918857235
386.932011451 0.194461852413
388.096983705 0.224657890457
388.99198165 0.281539434585
389.985803682 0.0918466264308
390.659078728 0.16515434728
391.710012657 0.182434655982
392.584528779 0.201014697518
393.55883493 0.198065392363
394.422629717 0.220394090328
395.424944979 0.0997586179145
396.302016955 0.233380630454
397.306726711 0.105748733557
398.111344411 0.207038745358
398.964993441 0.178267800075
399.975755515 0.110965444219
400.820762383 0.21977253726
401.901011363 0.176872374871
402.562604333 0.150121231245
403.458143496 0.16166666404
404.441732826 0.178142507888
405.31640056 0.192249011431
406.329769657 0.209708525004
407.139686924 0.237737590817
408.094522915 0.219753966284
408.908817204 0.140410174174
409.961526242 0.244001977586
410.440237889 0.14767057919
411.521275126 0.194849472348
412.237727232 0.112212062415
413.216477699 0.227743677776
414.106316483 0.175517838313
415.097278366 0.138479739165
415.881541845 0.261160079984
416.909553481 0.145322445141
417.770869569 0.0646975281852
418.32193059 0.0887543423468
419.320389836 0.138999672272
420.304120304 0.0566378994712
421.132740862 0.140420839159
422.059323009 0.21651283911
422.890454151 0.108302138256
423.725084511 0.127068909584
424.422043615 0.197994404521
425.182684968 0.209070187191
426.285918534 0.130065533767
426.91726058 0.224140928404
427.89211085 0.00462694498858
428.743590267 0.202911656624
429.411495777 0.0644233592752
430.282407667 0.105689940026
431.312297077 0.126587710856
431.892798856 0.212780617615
432.910896204 0.0969835062853
433.585271011 0.0809347340833
434.401053093 0.0677916368833
435.291346397 0.173746622215
436.205214779 0.140140569778
436.803391525 0.107157561355
437.822064172 0.148520630808
438.603756313 0.170080409585
439.316098618 0.0780379106514
440.192760435 0.0706774348157
440.961252383 0.206387252072
441.726854335 0.147696097527
442.498177416 0.118292515072
443.368111738 0.125710940392
444.195042832 0.12202592809
444.728119216 0.144405094979
445.800319981 0.13604665039
446.639730694 0.0907546613551
447.418228805 0.0555735552713
448.438436504 0.101385820258
448.913741683 0.173498373356
449.849644409 0.104500252874
450.761615926 0.0542200157341
451.627730653 0.118422835918
452.297981703 0.101434445264
453.345548018 0.0273897625628
454.1120644 0.0226140546358
454.74844378 0.166686555363
455.754369947 0.071515169875
456.741168301 0.09741586236
457.417833192 0.0677971444946
458.255292543 0.0969342576225
459.035045791 0.161248768573
460.168769187 0.103724236025
460.753839126 0.227938689472
461.901529928 0.229288391834
462.654719893 0.0934916886163
463.541585051 0.226375771707
464.585219596 0.111061170851
465.329667066 0.0301536376412
466.296340036 0.180033325741
467.267271742 0.100021213973
468.16529898 0.0887639553163
468.947920829 0.04583119597
469.999924399 0.187685283153
470.831339307 0.0365596193163
471.492316566 0.0255400012075
472.577967077 0.0450248799897
473.584884105 0.0629209738521
474.347140903 0.0941418887844
474.982619121 0.0178933719793
476.230573191 0.147035362569
477.100015737 0.0449621975328
477.875801813 0.0621873378017
479.020413779 -0.0198880312081
480.014472046 0.0250489189034
480.975416452 0.0426049413624
481.566283598 0.171951192775
482.758231883 0.060404020812
483.707622952 0.0484745385153
484.553994932 0.0147349223094
485.51617835 0.0342553448034
486.59295205 0.0160503239898
487.592597372 0.0515428718089
488.205590736 0.0390313930673
489.334601375 0.0155760556748
490.321644853 0.0493941071554
490.987343351 0.0743403860674
492.296709116 0.0250800180933
493.211715104 0.163506778099
494.05415303 0.0595613489029
495.045748661 0.0714979409192
495.988110241 0.0953909041249
497.141962543 0.12119311328
497.905183789 0.0996927045028
498.877484187 0.0807697423584
499.997872082 0.0628115908428
500.746464044 0.0446317437168
501.889428193 -0.0118127046694
502.759648382 0.0343891941112
503.833963778 0.0195300841899
504.765498966 -0.0496670031501
505.67868677 0.149180597713
506.847415064 -0.0233208603902
507.768112177 0.0974221963794
508.822897608 0.0361736186987
509.511567852 0.0367119115752
510.690254099 0.0859634447068
511.496484551 0.148054152652
512.50139038 0.177777425065
513.653016811 0.0803604717256
514.80519923 0.079442267433
515.420112951 0.08161915878
516.408427795 -0.00753640709585
517.508890578 0.129997446489
518.353338205 0.0797069731117
519.475015463 0.0472756532714
520.461948475 0.0526456363711
521.461365479 0.0714856635901
522.250916555 0.0181937186943
523.420603199 0.0930953137239
524.473842027 0.141937207162
525.538652983 0.119084947233
526.369492131 -0.0222934251721
527.486789033 0.072070302965
528.403178057 0.0693528823237
529.35089281 0.0903596671699
530.603121365 0.103281520532
531.494529821 0.0363898293879
532.335263678 0.110479217666
533.350687974 0.0698335777645
534.488718047 -0.0524724951951
535.267180766 0.114827659279
