70.8955067536 0.827444747905
71.3551196445 0.819832829237
72.2448479673 0.707320190467
72.7785441353 0.760127891022
73.5351074515 0.71772091832
74.3501595743 0.789065047594
75.2071431605 0.70826653651
75.9301387075 0.713300992462
76.5033556308 0.671629180187
77.2107652722 0.755778116729
77.8989710623 0.713824369851
78.9681150595 0.692676434903
79.6544204321 0.724998960575
80.4311153536 0.667157871874
80.9732194569 0.750226300253
82.0732654084 0.641573533104
82.8671700988 0.650683676673
83.5650608597 0.64655511014
84.4339776361 0.570086165981
85.055869634 0.68241205806
85.9948930905 0.597260743673
86.73765301 0.659825843186
87.6960285565 0.573608145563
88.6781035039 0.637685062439
89.1839547872 0.691320524793
90.0563151439 0.669737898532
91.1360593151 0.488951071944
91.8194460179 0.580574599668
92.6531739351 0.56650991732
93.4576884902 0.529512999428
94.1323690357 0.529861808608
95.4637182029 0.594560688981
96.2143452101 0.512692114816
97.1183906914 0.475401363805
97.8139253939 0.441330812426
98.6746110617 0.602496801004
99.466987822 0.60588808466
100.525593341 0.495024640404
101.264366962 0.485941688827
101.996687702 0.544376923414
103.03394176 0.51377967094
103.807370176 0.537204265801
104.873153229 0.494173067316
105.56621787 0.497207814708
106.641699535 0.569955813543
107.500247304 0.54465796746
108.059088028 0.467368299279
109.140617142 0.373897823115
109.99270442 0.40734259532
111.118283889 0.470967781406
111.627235756 0.459964562823
112.681297855 0.459030239155
113.696170107 0.417896995981
114.447000113 0.30731951403
115.385360407 0.458433719761
116.240230748 0.511269154706
117.268636115 0.426854992761
118.213798953 0.394268754559
118.927517297 0.342574585792
120.070186355 0.424111277822
120.856582002 0.469221685214
121.668323582 0.389483689151
122.880443814 0.435768796092
123.636938988 0.466618848644
124.404680315 0.431442236792
125.513947449 0.409222364701
126.305327293 0.376300266219
127.050252388 0.375623257291
128.132823271 0.383709008813
129.051377332 0.469962265937
130.015932445 0.46984249936
130.969675862 0.425809775557
131.918611003 0.443670769084
132.831415292 0.479814640957
133.812709968 0.40648337878
134.560339503 0.370544038195
135.56702932 0.343893022968
136.512546334 0.343623734245
137.403300324 0.285967186774
138.270190387 0.409740840512
139.317457097 0.420091716604
140.244601 0.401017117132
141.143618978 0.319563113662
142.18578359 0.288515994398
143.018838595 0.242759707744
144.169771205 0.354429377262
145.059625609 0.370538867356
145.718379801 0.370308308605
146.748651115 0.302798822461
147.950249382 0.34920590381
148.631733816 0.399611250203
149.411335302 0.352899201078
150.462530597 0.371852956939
151.499832017 0.39374203401
152.39058304 0.396237746515
153.298562631 0.350495902918
154.36612151 0.204577978596
155.300545358 0.316550244473
156.169832507 0.29599048759
157.202016042 0.316477397874
158.08332076 0.341372618606
159.035096593 0.418074596066
159.956258475 0.327056413912
160.938146873 0.300519938725
161.840754067 0.352252162931
162.781140299 0.309792402822
163.866423875 0.303369470981
164.877869198 0.292681512793
165.63311127 0.298068403942
166.789831127 0.324609130097
167.735986032 0.332337616648
168.702979291 0.306527391085
169.938954203 0.234951682001
170.772997616 0.367027243453
171.792599424 0.307144987876
172.764798107 0.27858259355
173.647900788 0.191175414091
174.738709469 0.333623579074
175.672890985 0.25836253346
176.584443993 0.315769097077
177.771247481 0.280476185767
178.433270818 0.344376486699
179.412421066 0.325970058748
180.663413955 0.185351410805
181.646610572 0.178930061879
182.755174041 0.306862829524
183.56802997 0.24645245579
184.494205048 0.359442262861
185.608346197 0.25389892564
186.849065342 0.37156124207
187.605715542 0.255716847705
188.597185527 0.292240634023
189.482417377 0.329807137468
190.582118592 0.303249550441
191.645803539 0.272578947792
192.674632204 0.251950834013
193.548275555 0.230036235348
194.658909484 0.272941916802
195.757527372 0.192477404018
196.639372561 0.37559608968
197.712374502 0.310820916856
198.802096105 0.287020880725
199.732584233 0.292588132777
200.577936692 0.375455276047
201.553561793 0.267975516178
202.720362478 0.265064169878
203.601921384 0.289690463451
204.602642989 0.214037794752
205.315249865 0.247024736363
206.594139961 0.298972734745
207.650923806 0.278654445884
208.640969922 0.287842120687
209.661275797 0.176354643157
210.532030789 0.287776083035
211.528919728 0.284774774882
212.490277113 0.21281242461
213.517783179 0.302760469545
214.602923569 0.224702365649
215.421458418 0.294143272787
216.580915804 0.371521210741
217.509224449 0.310716140592
218.404833522 0.354138387246
219.468631098 0.341673682362
220.273504574 0.273031962085
221.431550427 0.331460942006
222.205933959 0.309554071199
223.348205952 0.406168203862
224.373985009 0.330623711057
225.304522728 0.36484791309
226.18261398 0.330590643021
227.131237887 0.337855530101
228.304886898 0.276936178131
229.326596044 0.281387186294
230.321667966 0.336365272068
231.209282916 0.366266947523
232.099015585 0.352468342153
233.192323544 0.259925552367
234.218876414 0.372244975045
235.308181738 0.409267515594
236.249047128 0.362097845471
237.016309505 0.246800181202
238.323368285 0.262899079709
239.257514331 0.328006203784
240.129670454 0.346619814991
241.374128528 0.27433016732
242.266966112 0.275679324055
243.157041978 0.364292265868
244.267678669 0.392855854534
245.175100936 0.344909696077
246.156775534 0.280899240822
247.09844054 0.268307298995
248.219596101 0.379132536065
249.123249746 0.305550493786
250.52531793 0.456879813179
251.195614403 0.334131556205
252.339864303 0.406133250488
253.401655379 0.293828212727
254.20327772 0.371633265541
255.287603483 0.336653653457
256.185276723 0.260446801164
257.143245775 0.269809568193
258.105790025 0.401033884597
259.063632943 0.24716537269
260.154726022 0.329354931028
261.11221283 0.355408897414
262.097935075 0.317697035661
263.073624024 0.427312393648
264.065913996 0.314597839936
265.141176404 0.287624584728
265.905057335 0.317070618129
267.062816164 0.298038861302
267.906709676 0.180601619949
268.994125149 0.34691185475
269.901483452 0.294975864949
270.921239957 0.364734113963
271.803236032 0.348445091596
272.860621422 0.306298219681
273.657106266 0.244191992067
274.659200899 0.223603462116
275.69636735 0.273147226315
276.725880434 0.259569763162
277.740211989 0.295932785485
278.656122564 0.279505927442
279.410985238 0.306339881051
280.527411736 0.218925445253
281.533282847 0.269684860306
282.349719627 0.210298642264
283.412448804 0.324022331867
284.128759373 0.146376318383
285.223586461 0.207907917812
286.13573185 0.399988327189
287.133773002 0.2964529414
288.041441486 0.309927019235
289.197081491 0.312469416967
289.938597123 0.377993900626
290.917474425 0.198204996009
292.02083606 0.29908180333
292.950986223 0.255866019493
293.968337114 0.201190991359
294.735853047 0.343566802016
295.685479407 0.259088190989
296.759275949 0.240625063995
297.733467849 0.317265119241
298.734330742 0.31074570899
299.43109916 0.271003618457
300.803638888 0.258495385718
301.531732358 0.307912486609
302.474324775 0.298133145822
303.581142667 0.203341903175
304.459295853 0.231915430096
305.379572357 0.327214110512
306.409150013 0.375564572511
307.310320526 0.376734716226
308.337437612 0.290642408771
309.390721627 0.267113377979
310.466500255 0.237123965254
311.162361834 0.292079405869
312.149056458 0.118845023619
313.253352287 0.225078050997
314.14889557 0.247494843021
315.061237994 0.201651501861
316.04079443 0.311762671919
316.83101516 0.227651741177
318.176908344 0.302494307962
318.934316862 0.286196348142
319.993214016 0.19644651312
320.743687729 0.270296337611
321.818245267 0.336842497978
322.808640828 0.255831189543
323.921313108 0.199764749744
324.629932614 0.279960886234
325.807858144 0.15825954813
326.591201348 0.234988183703
327.587373641 0.213016144254
328.619946626 0.242510402508
329.802598053 0.271028827451
330.673313937 0.287310278434
331.69159905 0.165491621911
332.516861444 0.288187701759
333.506665307 0.171084495239
334.408477778 0.211770007296
335.431589278 0.323379826771
336.498951269 0.161548934016
337.457390521 0.154299314654
338.344604631 0.0974797537007
339.349162373 0.19206473137
340.443197044 0.272929927504
341.362734015 0.121438580525
342.056540865 0.242899028423
343.277786254 0.196404666696
344.089526423 0.176496539675
345.123039493 0.281437253674
346.157504914 0.318038769605
347.054731572 0.323958425499
348.003044246 0.252957388944
349.07656362 0.200690090265
349.957908351 0.270017756102
350.989573528 0.242237662393
352.054962539 0.0833560699622
352.91820148 0.274998922691
354.060502233 0.248398139321
354.980416344 0.241929380037
356.023651867 0.169265456018
356.963996388 0.174426661021
357.887316631 0.237780231651
358.821580261 0.212827209646
359.642959175 0.234812206454
360.767291143 0.203192094624
361.723779819 0.21110706309
362.63424963 0.142888650325
363.509221869 0.198261333762
364.500780006 0.28676697911
365.584060943 0.181028719704
366.384691462 0.270721333091
367.421167131 0.183573154577
368.33013448 0.382720687165
369.506202015 0.149925658697
370.183493634 0.260236350673
371.257901344 0.12294422103
372.176538299 0.168954303433
373.257302377 0.248618684848
374.094333258 0.18223771776
375.083134595 0.258891170743
375.976384365 0.232978019832
376.895511841 0.235334867911
377.916137197 0.245963307541
378.865197935 0.231837196536
379.73274524 0.189838522981
380.658660218 0.18203309384
381.636788284 0.149455306981
382.440383865 0.251913721206
383.464351159 0.192278263337
384.319475715 0.138296129144
385.281639264 0.260681553178
386.334700568 0.193296744786
387.269801341 0.240750295439
388.08606296 0.184720114468
389.148624356 0.198116975574
389.967318501 0.198057183862
390.86094035 0.203034193757
391.869043363 0.182572718739
392.652917434 0.211832327187
393.620143824 0.139126846042
394.685465928 0.166522084027
395.525281153 0.214309018856
396.313892832 0.193379885587
397.184717113 0.173856843085
398.127925562 0.11709650168
398.919379551 0.155603143029
399.775792588 0.217311601341
400.914737316 0.159918245248
401.646107708 0.141977033416
402.595650038 0.19641443867
403.415939188 0.243979432342
404.45292846 0.199160831176
405.379046849 0.11912707425
406.191977825 0.204988201011
406.953540804 0.118035804599
407.954982087 0.254550061493
409.029243597 0.27120293638
409.737467979 0.197400672457
410.686669373 0.202256387224
411.659613203 0.190863576274
412.528026384 0.14903022912
413.208475312 0.15820552969
414.152519909 0.131165074112
414.979225957 0.130056961657
415.78266792 0.213127243347
416.804060892 0.177242678384
417.586221028 0.16449095852
418.602349989 0.203660806088
419.368621322 0.187598539384
420.147415452 0.222491700902
421.061166851 0.0728191356337
421.8369853 0.208222614823
422.664437825 0.159900293003
423.514549238 0.0448578630048
424.567911912 0.189479344542
425.468777004 0.267557219142
426.16354364 0.214602971005
427.088974454 0.127557487143
427.815901869 0.153945635266
428.711061084 0.147500155704
429.520772485 0.153328187426
430.237600816 0.162101644475
431.270570126 0.206455580196
431.881775487 0.106844457485
432.797177043 0.222465578861
433.68763355 0.0905289524261
434.341231907 0.131160229301
435.45481172 0.205107754789
436.179037953 0.0805566820588
436.955106789 0.0820816773344
437.731980255 0.152105427191
438.474158763 0.117930860682
439.331968016 0.196436617154
440.086198074 0.197346167933
440.831530065 0.142124470805
441.744940514 0.194424854107
442.623312231 0.134089639416
443.271433196 0.0480395158206
444.1804744 0.13226414189
444.810485826 0.129259464427
445.827636514 0.228964012591
446.72888308 0.115860896065
447.266000563 0.18248180087
447.935638903 0.164150448819
448.892006022 0.177057400598
449.870552531 0.165427923482
450.759475082 -0.00579895413941
451.496855309 0.0262078500656
452.416261911 0.107078023563
453.121377654 0.182601197153
454.037598816 0.238447149118
454.951075454 0.0249574285014
455.670765107 -0.0335247925395
456.656448803 0.141754834411
457.561261048 0.0996232088599
458.340828782 0.0955481779264
459.230058988 0.141943882017
460.003689049 0.0294228972684
460.935835793 0.0843450251551
461.824631201 0.169394894056
462.675342118 0.0500867341844
463.581293912 0.0625827421579
464.392533503 0.0129123972056
465.445083294 0.0438037069088
466.235026168 0.0540799015513
467.121145064 0.0686502746504
467.989129436 0.15972413867
468.904052063 0.151051027799
469.684271164 0.0363359468396
470.801743277 0.176894611505
471.659177203 0.106714150769
472.705959667 0.0226817516426
473.488972575 0.200261024557
474.433759907 0.116693097765
475.2900534 0.114490538309
476.085981107 0.175269205685
476.998390228 0.0822731206542
478.146499379 0.053777736271
478.796640703 0.0396907587359
479.833830431 0.0791730060659
480.929409191 0.123312191152
481.777995822 0.0340030896282
482.699313136 0.131820697846
483.499256358 0.10662694959
484.530100876 0.104758790912
485.461168495 -0.020191868698
486.572051145 0.0877155845355
487.398395057 0.0203615209716
488.529027226 0.0188430700978
489.412838378 0.0984627327593
490.355789453 0.0654711332489
491.241196298 0.103148299497
492.322650554 0.0127315478099
493.166103504 0.0144392407048
493.953979133 0.0648530799894
495.119030473 0.103528416267
496.085581191 0.063668125732
497.051852622 0.111955559584
497.986408449 0.039638437693
499.040917513 0.0659190573207
499.957196976 0.140263950721
500.838608989 0.125340080452
501.806657395 0.0524955936231
502.770395855 0.0987806598233
503.627086254 0.118959571666
504.668789483 0.190349320243
505.810701817 0.0276908381935
506.68274572 0.0491491867938
507.615762434 0.0480543203175
508.651671167 0.00121418352602
509.467356588 0.170601428499
510.681073439 0.0271796524358
511.545674546 0.093331233478
512.653684466 0.116209647773
513.480453867 0.0944941903703
514.572426905 0.169254736161
515.543312946 0.0330193202238
516.546998827 0.0283317688089
517.695643166 0.120408557538
518.638010764 0.125370741311
519.494604912 0.0920135053973
520.522478646 0.0825284052028
521.609095033 0.0669531749566
522.408935025 0.134538699015
523.413169219 -0.00242397241497
524.387095053 0.0950700305763
525.447736877 0.0757542615145
526.457836058 0.0439163905564
527.393462372 -0.00569268866558
528.457385629 0.00525113585238
529.4377992 0.0230279103554
530.665154675 0.114615684392
531.375829094 0.0896741046004
532.467125964 -0.0517337702072
533.526127785 0.0767466466871
534.295843454 0.00515170597136
535.205285131 0.0114238495913
