70.6941532512 0.761722506689
71.4705954607 0.753875344068
72.0340126849 0.722405161241
72.7031926947 0.799583563724
73.6084077859 0.750930196095
74.3149034839 0.81277831829
75.1011956141 0.843876819992
75.8068038261 0.764158782111
76.5485795802 0.708381858194
77.3598711632 0.692828815786
78.0389310908 0.676402305882
78.859733053 0.667600510076
79.7788789694 0.637563042584
80.5780639972 0.724913778825
81.1900966269 0.687898249092
81.9057248475 0.695561950862
82.9183915779 0.62688065015
83.4134752855 0.715743436377
84.5314962237 0.566438679703
85.2288928914 0.631818799557
86.042323222 0.518907768176
86.8638420767 0.621020406034
87.5595673088 0.611583721006
88.5161919596 0.736794763083
89.3356484014 0.553515859243
90.1914456687 0.56468062236
90.7645555722 0.62090987768
91.7698216944 0.644150763716
92.6448153717 0.563803834398
93.4286895754 0.588709371431
94.3798889065 0.610622623643
95.236935482 0.508392579469
96.0924991145 0.483826742945
96.9374882078 0.483783817799
97.8191060912 0.541817282658
98.7237065761 0.504214384608
99.3532144482 0.497289552097
100.494870438 0.587266092049
101.361828481 0.525506226887
102.062891283 0.476477348111
102.926188779 0.544929684077
103.825375243 0.473140965164
104.558966715 0.425186117487
105.591971791 0.553984189756
106.394689058 0.575679485078
107.1543894 0.518234726311
108.370183624 0.450392808565
109.189536671 0.500086722336
109.844472513 0.50548157824
111.13953419 0.585799807838
111.838041453 0.487113678694
112.835706914 0.408370874524
113.625733467 0.518059960444
114.533675519 0.422302141104
115.257616282 0.398474800054
116.407538972 0.414564815487
117.189922898 0.418658757333
118.194484345 0.482190276829
118.958478606 0.447237692162
119.881884977 0.456559397184
120.836371922 0.414306768513
121.926238886 0.431750010106
122.574981964 0.399474955651
123.546882813 0.376270126424
124.372393935 0.437916234843
125.293010428 0.431861973509
126.373369104 0.589127663336
127.108310973 0.462208821231
128.145253707 0.416986603404
129.215564564 0.516707453917
130.007723995 0.384391477189
130.939183256 0.380825784269
132.149613212 0.425970715814
132.962562417 0.471158391998
133.545403782 0.41478413872
134.645196516 0.386553488611
135.573360754 0.279150101496
136.5540969 0.420847041345
137.458834783 0.530796027336
138.41350732 0.424385937285
139.199129829 0.371983585314
140.136808681 0.311699784406
141.259482231 0.31732962404
142.145223901 0.336146427944
143.19618771 0.34299231787
143.898289654 0.327020639297
144.943357705 0.399760079806
145.845363576 0.496384205609
146.862640505 0.402529200731
147.532067632 0.35869748023
148.71346368 0.423339743423
149.741966837 0.363278813353
150.437302214 0.388666781802
151.580581044 0.432899594694
152.442909648 0.323367292709
153.418581437 0.379267097155
154.507098527 0.302890731994
155.213302137 0.347719092216
156.280048054 0.240880456865
157.133397826 0.28542729656
158.036577338 0.338707875162
159.128597294 0.295452016851
159.841478348 0.394032733255
160.953003597 0.303434199675
161.758901825 0.259383061175
163.036789944 0.342754115216
164.004482739 0.34083746565
164.869397836 0.343956427102
165.854936516 0.315999216218
166.730768761 0.317603077387
167.640227467 0.359316440646
168.661955849 0.237736594678
169.658220728 0.300584265989
170.494728708 0.287401534274
171.706148522 0.361920260272
172.644015053 0.312502933859
173.473084512 0.292646456818
174.671534534 0.331349202777
175.817772489 0.256711017148
176.758313678 0.324587754321
177.442851647 0.383187825911
178.78569308 0.319726859876
179.464932862 0.286553209166
180.591594816 0.269220139476
181.793628248 0.346107296472
182.431202852 0.266557256797
183.780895577 0.230946872533
184.525816464 0.187452670319
185.552801081 0.378564680684
186.763279772 0.323013191851
187.622570423 0.250333453713
188.695207634 0.279098530486
189.592624145 0.306658799096
190.479360874 0.360094759556
191.543540259 0.30151447913
192.703090531 0.358682671958
193.610140004 0.291678066021
194.495853827 0.311158812268
195.477735634 0.244914272452
196.645737713 0.372477237676
197.791365903 0.232653241906
198.765626236 0.356334556702
199.771989189 0.359078365777
200.433160202 0.353380799141
201.598320212 0.319126210379
202.630499413 0.289071094597
203.597573676 0.273113749284
204.44423683 0.315094147261
205.367816397 0.245874618892
206.430774548 0.372797568988
207.606570389 0.288170078454
208.487454401 0.329832527635
209.482506728 0.30312862429
210.39374739 0.262926176401
211.410885402 0.269871676883
212.315069065 0.336270356501
213.408510784 0.185849395173
214.483861438 0.246123489563
215.367768887 0.274317331597
216.456485831 0.209835997682
217.363924668 0.326152248709
218.443313405 0.359434625132
219.387666335 0.297348888676
220.310590069 0.378711752509
221.293065964 0.317034412591
222.443078341 0.323315643986
223.341445981 0.33605722162
224.155371573 0.322823141274
225.45845604 0.3949730748
226.302339176 0.298255974115
227.204715121 0.386810273819
228.327590932 0.314474457193
229.363453218 0.27662353928
230.147848138 0.28031235441
231.220174176 0.216907841753
231.966900486 0.311065442242
233.100466163 0.338989886669
234.185622962 0.294385990835
235.150599516 0.313042435069
236.160669941 0.329925829295
237.249513973 0.306057817528
238.102988904 0.296624933299
239.086889957 0.325444991295
240.432594246 0.328294029355
241.282294327 0.347169847531
242.250175535 0.466820353241
243.165716231 0.25700886219
244.163758561 0.375203588185
245.069219783 0.294333392319
246.230597731 0.382953286199
247.168200216 0.463193658364
248.30530991 0.34695886387
249.429274323 0.265278142522
250.178190216 0.299923798684
251.238299755 0.311549736269
252.252465822 0.301747307568
253.188181878 0.27674947505
254.186444541 0.2717730036
255.260967206 0.319286869391
256.255659384 0.272748876971
257.168713636 0.331184009957
257.979959623 0.342002251444
258.892859458 0.341961971147
260.058684751 0.151647384181
261.151805655 0.326064679382
262.243746649 0.26091806569
262.844273505 0.34469754708
264.322867123 0.300225735788
264.91062584 0.34462546083
265.944531137 0.329069569468
266.878413044 0.23466793457
267.801321629 0.322519660952
268.80711854 0.258755875227
269.802121279 0.205754264917
270.747891818 0.321740223041
271.804187144 0.374629026695
273.00071967 0.226618599341
273.700921381 0.27461911339
274.685619116 0.395368143951
275.636768355 0.29085723093
276.65446209 0.373970464666
277.62142232 0.285687842247
278.437509335 0.227575310139
279.492976014 0.325453493287
280.540680907 0.371034185392
281.280724815 0.322539174876
282.33861621 0.305311022411
283.348266885 0.281038890723
284.316917146 0.347160560668
285.400493915 0.292741694126
286.163080815 0.348664107224
287.123629764 0.286413066834
288.136425786 0.296812301487
289.023321527 0.301990635481
290.144236649 0.251238114969
291.189357306 0.272943255057
292.063044508 0.313283031544
292.953685454 0.314180059605
293.915446365 0.242400636505
294.740355457 0.271951012493
295.828791205 0.390862779919
296.832548977 0.198036949692
297.792580662 0.255294250355
298.884427736 0.318273417186
299.682038438 0.261810158637
300.696657845 0.328636205092
301.512702492 0.273276970619
302.655062637 0.228666061523
303.479937833 0.276435818089
304.571103293 0.258115279996
305.56897342 0.324093037105
306.401463716 0.188256285146
307.324896789 0.201963517938
308.483692416 0.307923374936
309.433248433 0.271062036753
310.267286978 0.17825017602
311.260122702 0.28964631509
312.143058642 0.346195666905
313.083138745 0.25830631872
314.129743074 0.227308126739
314.836206353 0.195251616459
315.939142359 0.329916180575
317.026693746 0.248392427827
318.088715133 0.179679714203
318.994660567 0.237422026891
320.000223488 0.254447427447
320.985061444 0.312466744107
321.669955179 0.275362456184
322.900501333 0.164225613994
323.899743024 0.201010768821
324.778308453 0.252174037195
325.855147782 0.253810592954
326.832669954 0.190418725476
327.683046328 0.180820919204
328.768209985 0.331883857938
329.824800998 0.25902367793
330.477797842 0.296427237583
331.487380859 0.205882280884
332.744804288 0.252056109153
333.310088421 0.246177250527
334.367483992 0.26857321363
335.530001406 0.267198928657
336.608989788 0.155411404139
337.400477668 0.323739593966
338.176399314 0.108877545454
339.366537964 0.261103448509
340.135001592 0.301121121448
341.306864788 0.245292572388
342.316351275 0.276650874256
343.610934111 0.252915668525
343.956597059 0.201952214455
344.940712861 0.29302929073
346.049019446 0.323663578695
346.983774344 0.285278347639
348.150820324 0.218542906604
348.903718842 0.299229761896
350.00114628 0.296587119054
350.937201241 0.259893573967
351.968446946 0.244709477591
352.948989863 0.239816648129
354.093976684 0.190474033594
355.122708011 0.245800774252
355.928152961 0.250739656397
356.715867817 0.203542401955
357.958757491 0.196266538525
358.880675863 0.29638610945
359.572965316 0.338921608359
360.561023262 0.267681916256
361.592068307 0.192596214065
362.713794777 0.105291951373
363.491346011 0.178019145029
364.491096911 0.219689310484
365.526097022 0.183962368957
366.393438847 0.27042407204
367.393526167 0.301227337661
368.508446768 0.231238697503
369.351645684 0.143121844944
370.337653728 0.170120791799
370.986203805 0.199495731948
372.276443689 0.160086060749
373.034859353 0.215115923738
374.005422303 0.172310499711
375.117505555 0.209519822033
375.985526075 0.192228995972
376.70854175 0.252000052314
377.908232746 0.177787253272
378.631346446 0.219021886015
379.789188508 0.315493766542
380.724490083 0.190082105818
381.750037071 0.154676257225
382.316854695 0.224170898072
383.553859174 0.150394164326
384.278802527 0.192356386377
385.298245669 0.160582507672
386.128895243 0.247003423416
387.042891096 0.213415433641
387.947545802 0.161149315997
388.955136289 0.181917943568
389.899293059 0.232464708243
390.959146809 0.279029468702
391.763033143 0.093246887381
392.756389748 0.172314540053
393.471159109 0.187508250991
394.60374253 0.210256110569
395.390439395 0.157962829258
396.380543797 0.220005654945
397.308768494 0.107076824987
398.165625232 0.220503155335
398.984103956 0.205756359219
399.794044727 0.189903675416
400.882502804 0.0802689396352
401.699115273 0.215984359354
402.659376505 0.254488917773
403.579972118 0.145682502417
404.30885293 0.178820315519
405.222945582 0.118990838163
406.24550794 0.205231264412
407.137060887 0.161151998397
407.971570509 0.159594799394
408.916915285 0.214571545489
409.613879137 0.205921611272
410.500892167 0.169354215261
411.498118659 0.179775486105
412.463789793 0.17494115058
413.413164001 0.175777253828
414.107271858 0.199168256977
415.01644809 0.1368161533
415.97510156 0.162963657535
416.709114001 0.163288826846
417.588246198 0.121884409736
418.404353937 0.153404162412
419.273605902 0.171892290935
420.247538165 0.133075404589
421.058274346 0.189820171879
421.962369222 0.0764612581416
422.842070124 0.208067228828
423.579682097 0.11887609911
424.494330422 0.114740411866
425.198476846 0.229693249957
426.089068112 0.244250876984
426.876647461 0.240390975388
427.593348509 0.195817596234
428.595471057 0.228223894677
429.432142096 0.0384783403069
430.279337579 0.159623162514
431.355538264 0.186573615175
431.989464999 0.168371712631
432.936095752 0.213768697727
433.612844559 0.139871739527
434.481639833 0.128213204653
435.362636087 0.0600650932084
436.126433922 0.135757756185
437.012903036 0.193632042614
437.639571906 0.124957367125
438.49912273 0.162132596654
439.322168634 0.0445626392959
440.193626422 0.161781722487
441.269271771 0.0778052659627
441.761838962 0.211784746319
442.609028355 0.103513726422
443.43686493 0.0481114460331
444.21077485 0.112393366905
444.940286929 0.106626215742
445.773779002 0.161524069995
446.644881441 0.174001667693
447.612393361 0.10803914129
448.346052444 0.14066538973
449.018172729 -0.000211966481524
449.856488085 0.185455571174
450.716332723 0.15496420311
451.58318008 0.0997820896955
452.47353519 0.0420785485183
453.279031771 0.147153707311
454.169800469 0.0815578890211
454.876529679 0.114886360101
455.884211905 0.0601279401228
456.626514593 0.237345431811
457.412875991 0.110159207353
458.254279919 0.110039176327
459.188490528 0.0611111849924
460.240589059 0.0274167397251
460.995154775 0.0649906500779
461.838347377 0.0823881104112
462.581647187 0.129676557056
463.651345627 0.133000639722
464.361892144 0.0266679199375
465.240363905 0.0531177217601
466.286336513 0.0453436177185
467.043314945 0.0149626822833
467.910316366 0.0375236096099
468.89882959 0.0931210703453
469.839817173 0.085728283872
470.789485942 0.131771670291
471.770228724 0.0902483469229
472.521098917 0.0940453639009
473.358326972 0.0916848936588
474.430172285 0.171424045859
475.236576439 0.0987846783372
476.390607856 0.146524481266
477.184653809 0.0692386686362
478.043703821 0.0478563715224
479.040943601 0.00734257581566
480.052648643 0.0251585840648
480.919583485 0.0913135468928
481.720721243 0.0125872579505
482.566333841 0.02789525691
483.771312138 0.0695088393116
484.618632607 0.170262802514
485.512378523 0.113724107325
486.5304885 0.168807283589
487.580144593 -0.00303302625752
488.66401838 0.0495735570395
489.310220717 -0.00198232869174
490.369911785 0.0582763028483
491.088909915 0.070906509303
491.969083499 0.0882433121316
493.120145786 0.0174736706469
493.99988364 0.150793914238
494.906401397 0.204404351305
496.013213036 0.0305183671745
497.166581079 0.0396241527461
497.860352905 0.143558312938
498.993155503 0.0273927165741
499.982418631 0.117392904754
500.719183297 0.132578027338
501.911496973 0.192652816621
502.786515224 0.0852882580854
503.560454811 0.0879958251789
504.824587956 0.0560754891622
505.77126218 0.0339364592786
506.706286097 0.0671152890306
507.755714983 0.00670268147325
508.629731371 0.0233379194735
509.503754926 -0.0265313165547
510.516799395 0.0449695828524
511.501399087 0.0603002213301
512.618687312 0.126954740647
513.57485374 0.0365955744727
514.447410276 0.0395713097659
515.522656812 0.0546383071649
516.376957315 0.0294385480274
517.552495194 0.0727793494003
518.564749424 0.0437657359804
519.324596929 0.0643708081931
520.422357284 0.127850127349
521.444716157 0.00798000114815
522.672652868 -0.0263628593702
523.675202466 -0.0803340354246
524.735395679 0.1557773618
525.515667405 0.0871649432886
526.659191355 0.154519487291
527.576899547 0.122100981335
528.39373421 0.0775556324213
529.451838992 0.0530419554775
530.339382017 0.0104480394649
531.375438714 0.00245897438799
532.346641558 0.0055805438573
533.460334344 -0.0395983016745
534.312322263 0.0781313003537
535.476265027 0.0663518457032
